0 22
0 38
0 30
0 992
0 7
0 1999
0 769
0 1309
0 1227
0 1497
0 1063
0 1282
0 1621
0 1807
0 1029
0 713
0 9
0 1831
0 1782
0 1756
0 10
0 1641
0 1703
0 1923
0 1111
0 647
0 11
0 965
0 1295
0 12
0 372
0 782
0 2
0 19
0 20
0 1940
0 1775
0 824
0 1522
0 13
0 14
0 1368
0 1718
0 375
0 15
0 1005
0 1283
0 17
0 18
0 349
0 1096
0 21
0 203
0 926
0 1367
0 822
0 817
0 138
0 1060
0 406
0 634
0 1465
0 856
0 1890
0 25
0 26
0 842
0 694
0 27
0 1344
0 973
0 1298
0 28
0 448
0 29
0 902
0 1080
0 1451
0 1896
0 1489
0 4
0 3
0 483
0 31
0 1177
0 1122
0 920
0 716
0 411
0 1103
0 1549
0 1296
0 32
0 1658
0 1668
0 33
0 45
0 1388
0 603
0 35
0 36
0 1158
0 1937
0 1879
0 1162
0 6
0 37
0 1717
0 1962
0 1493
0 24
0 23
0 1476
0 1130
0 39
0 40
0 42
0 41
0 43
0 1925
0 1436
0 44
0 1168
0 50
0 1901
0 47
0 48
0 1853
0 1769
0 792
0 51
0 1320
0 52
0 1526
0 1028
0 1358
0 1857
0 678
0 1246
0 1302
0 8
0 53
1 1342
1 1288
1 1599
1 369
1 1123
1 1957
1 1166
1 365
1 1611
1 1800
1 1093
1 1362
1 1212
1 366
1 1134
1 826
1 976
1 334
1 1644
1 1774
1 189
1 872
1 1218
1 911
1 631
1 1951
1 1986
1 1188
1 1512
1 1913
1 852
1 2
1 949
1 777
1 368
1 1855
1 894
1 1873
1 16
1 376
1 1446
1 1571
1 811
1 861
1 1419
1 1806
1 1004
1 1335
1 1905
1 263
1 1906
1 805
1 1161
1 1921
1 1411
1 377
1 191
1 1721
1 3
1 1078
1 1164
1 1893
1 379
1 1258
1 1802
1 381
1 818
1 1179
1 1689
1 153
1 1632
1 1026
1 1757
1 1048
1 374
1 905
1 383
1 797
1 1184
1 1894
1 1848
1 1455
1 784
1 1752
1 932
1 1037
1 384
1 904
1 1764
1 1513
1 1346
1 4
1 1301
1 1119
1 1487
1 1897
1 1338
1 1539
1 1854
1 1073
1 1213
1 1049
1 1780
1 658
1 1322
1 1198
1 1735
1 1090
1 765
1 1349
1 390
1 893
1 1272
1 1376
1 722
1 1585
1 1880
1 1108
1 963
1 1656
1 1834
1 1252
1 58
1 1088
1 1530
1 1083
1 1838
1 1693
1 1395
1 1568
1 988
1 958
1 625
1 1865
1 756
1 358
1 685
1 1671
1 1260
1 692
1 1209
1 530
1 1877
1 1402
1 1591
1 1992
1 194
1 1040
1 1350
5 806
5 6
5 845
5 387
5 7
5 1337
5 1836
5 912
5 1560
5 1098
5 1888
5 914
5 972
5 220
5 1606
5 935
5 8
5 1837
5 878
5 9
5 1922
5 1675
5 1604
5 1469
5 1292
5 1528
5 1981
5 10
5 371
5 827
5 871
5 1864
5 11
5 12
5 997
5 1869
5 1944
5 373
5 717
5 1393
5 13
5 1824
5 1435
5 1190
5 14
5 1300
5 15
5 890
5 1222
5 16
5 1254
5 17
5 757
5 18
5 1017
5 1525
5 1829
5 1127
5 971
5 19
5 20
5 854
5 21
5 927
5 22
5 773
5 816
5 23
5 1197
5 753
5 24
5 212
5 770
5 1614
5 1792
5 835
5 1616
5 830
5 25
5 745
5 1126
5 26
5 1389
5 1117
5 27
5 1360
5 1433
5 224
5 28
5 1709
5 29
5 1132
5 1983
5 1694
5 1858
5 30
5 1748
5 1967
5 453
5 1783
5 1946
5 1885
5 31
5 1131
5 467
5 1068
5 795
5 1958
5 673
5 354
5 743
5 1509
5 660
5 1728
5 1691
5 32
5 370
5 33
5 1753
5 388
5 1891
5 603
5 35
5 1734
5 1536
5 36
5 1233
5 794
5 1861
5 691
5 1369
5 995
5 37
5 1579
5 892
5 38
5 1371
5 883
5 378
5 393
5 710
5 1738
5 1044
5 39
5 40
5 1472
5 41
5 42
5 43
5 1918
5 1781
5 1417
5 1072
5 1381
5 1160
5 653
5 887
5 864
5 44
5 45
5 1856
5 1025
5 1168
5 47
5 48
5 1853
5 50
5 51
5 52
5 1859
5 1850
5 315
5 1708
5 1217
5 1833
5 53
563 895
563 135
563 184
563 1872
208 1778
208 73
208 205
208 243
208 75
104 1037
104 81
104 94
104 1175
104 58
104 1730
104 82
104 625
104 733
104 100
60 1142
60 107
60 109
60 1305
60 563
60 620
60 1271
135 132
135 118
135 131
135 599
135 119
135 815
135 134
135 563
135 121
135 139
135 124
135 1959
63 594
63 563
63 161
161 563
161 160
184 563
69 199
69 1830
69 77
69 1253
69 75
69 1271
69 1293
69 1542
69 204
69 208
72 117
72 73
72 380
72 208
72 75
76 77
76 192
76 208
80 81
80 104
80 82
80 1786
324 104
324 1619
324 733
324 100
324 463
324 321
324 355
324 323
324 466
87 104
89 734
89 89
89 333
89 666
89 104
89 1414
89 733
89 1772
89 100
89 335
89 332
89 336
93 94
93 104
93 100
93 768
97 338
97 104
97 625
97 1842
97 100
97 337
97 1461
101 398
101 767
101 412
101 104
101 364
101 408
101 401
101 391
101 436
101 416
101 936
101 414
544 552
544 553
544 104
544 189
544 559
575 107
575 612
575 1235
575 1527
575 1102
575 561
575 1310
575 110
575 568
575 801
575 614
575 578
575 1483
575 1534
575 60
575 929
575 938
575 569
620 562
620 109
620 110
620 618
620 1609
620 619
111 113
111 230
111 114
111 1363
111 216
111 789
112 1541
112 113
112 114
112 602
112 493
112 285
112 279
112 1230
112 994
115 581
115 455
115 889
115 306
115 477
116 117
116 868
116 222
116 292
116 115
116 918
116 1486
116 202
116 269
116 1670
116 1634
116 873
116 1704
116 925
116 1250
118 331
118 190
118 119
118 639
118 134
118 121
118 139
118 135
118 1827
118 124
118 126
118 1176
118 1099
118 1097
125 126
125 131
125 134
125 135
130 131
130 132
130 1418
130 1280
130 1081
130 1588
130 639
130 712
130 134
130 135
136 695
136 331
136 138
136 885
136 1207
136 327
136 392
136 1432
139 651
140 1840
141 1340
141 1428
141 152
141 1403
141 1052
141 1277
142 63
143 705
143 1970
143 467
143 161
143 779
143 312
143 601
146 235
146 564
146 938
146 237
146 161
146 184
150 439
150 161
150 152
150 289
150 307
150 730
150 153
150 1018
150 181
150 184
150 1965
150 929
150 183
150 1576
150 1815
156 1537
156 161
158 563
160 161
162 672
162 1124
162 930
162 1035
162 314
162 1019
162 978
162 975
162 1413
162 1915
162 1459
162 663
162 1054
162 211
162 1622
162 1633
162 1852
162 1531
162 1424
162 1866
162 915
162 1845
162 1355
162 1597
162 725
162 1660
162 1263
162 1823
162 1563
162 1814
162 1950
162 1825
162 1165
162 1577
162 1713
162 950
162 888
162 1991
162 1794
162 738
162 1796
162 1518
162 1785
162 1140
162 1352
163 174
163 938
163 563
163 172
163 1779
163 184
163 1598
163 1071
167 184
169 184
171 270
171 227
171 1763
171 1550
171 172
171 184
171 1987
171 163
171 174
175 807
175 182
175 1521
175 1061
175 179
175 184
175 1237
175 178
177 1118
177 1903
177 521
177 1998
177 924
177 178
177 1889
177 1519
177 206
177 1724
177 502
177 175
177 1214
177 841
177 968
177 179
177 201
177 454
177 771
177 640
177 1521
177 437
177 181
177 1484
177 182
177 445
177 183
177 636
177 1323
177 499
177 962
177 1050
177 1972
177 184
177 459
177 447
185 72
186 1278
187 1144
187 1672
187 964
188 1736
188 1100
188 1429
188 1034
188 1481
188 1681
188 189
188 1928
188 848
188 190
188 1559
188 1912
188 1244
188 943
188 1793
188 772
188 1326
188 1810
188 1994
188 876
188 1374
188 1569
188 191
188 1058
188 1812
188 1247
188 1353
188 1760
188 1383
188 382
188 624
188 1189
188 778
188 192
188 986
188 1832
188 1651
188 1496
188 671
188 1216
188 659
188 759
188 1412
188 1705
188 985
188 1524
188 1498
188 1289
188 625
188 998
188 1394
188 1043
188 396
188 194
195 623
195 1023
195 633
195 999
195 1407
195 1167
195 944
198 199
198 226
198 908
198 1149
198 913
198 1680
198 243
198 1145
198 764
198 201
198 1240
198 983
198 435
198 221
198 1636
198 1969
198 1625
198 489
198 348
198 1014
198 1270
198 260
198 696
198 1153
198 665
198 719
198 202
198 203
198 1631
198 900
198 739
198 1620
198 204
198 223
198 1208
198 1105
198 1382
198 205
198 206
198 916
198 1835
198 1516
198 1714
198 225
198 1366
198 1162
198 800
198 1910
198 1758
198 208
198 1458
198 652
198 1601
198 1051
198 1220
198 1833
210 1761
210 1182
210 343
210 1426
210 1365
210 1410
210 1954
210 1932
210 1908
210 1284
210 1593
210 1013
210 1979
210 919
210 1442
210 720
210 211
210 300
210 1006
210 212
210 1492
210 834
210 1628
210 1331
210 700
210 1573
210 1333
210 1684
210 1820
210 1236
210 921
210 1312
210 1468
210 1200
210 1328
210 1431
210 1920
210 1787
210 1041
210 316
210 1723
210 836
210 855
210 1726
210 980
210 1297
210 1818
210 1396
210 1514
210 1125
210 1321
213 1678
213 627
213 1351
213 1109
213 875
213 1479
213 803
213 1610
214 1314
214 721
214 1926
214 1961
214 1746
214 243
214 216
217 933
217 292
219 245
219 1659
219 246
219 247
219 248
219 1759
219 1464
219 475
219 1215
219 220
219 1423
219 1172
219 249
219 221
219 1982
219 1977
219 1956
219 250
219 1874
219 252
219 251
219 1067
219 1741
219 253
219 255
219 1069
219 1404
219 1467
219 256
219 587
219 341
219 909
219 257
219 288
219 641
219 1053
219 1552
219 590
219 1133
219 326
219 1387
219 591
219 222
219 937
219 1502
219 261
219 1095
219 1275
219 1594
219 1152
219 1148
219 1943
219 1086
219 1178
219 1702
219 1595
219 718
219 1739
219 265
219 1249
219 223
219 1515
219 951
219 896
219 491
219 492
219 266
219 1279
219 957
219 1332
219 1038
219 1274
219 1556
219 1485
219 747
219 224
219 1561
219 961
219 451
219 478
219 947
219 706
219 268
219 637
219 1248
219 1613
219 1324
219 1798
219 939
219 1558
219 1639
219 225
219 303
219 1439
219 642
219 254
219 828
219 386
219 1657
219 271
219 304
219 923
219 1243
219 1440
219 273
219 226
219 1024
219 1070
219 735
219 539
219 1575
219 1547
219 1900
219 1884
219 274
219 1883
219 227
219 1046
219 1206
219 869
219 606
219 275
219 1692
219 356
219 484
219 1682
219 1008
219 276
219 277
219 1112
219 278
219 279
219 643
219 1445
219 1273
219 1914
219 1074
219 749
229 1003
229 1359
229 1262
229 473
229 232
229 1978
229 699
229 1392
229 1104
229 233
229 230
229 1181
229 1135
229 928
229 906
229 901
231 903
231 731
231 688
231 1390
231 1211
231 1945
231 232
231 1529
231 1307
231 945
231 1687
231 1517
231 350
231 233
231 584
231 1241
231 1075
231 1548
231 287
231 1747
231 1434
231 1878
231 662
231 1091
231 309
231 851
231 1984
231 1055
231 1205
231 298
231 1255
231 1706
234 235
234 867
234 242
234 243
234 237
234 644
238 242
238 1816
238 243
238 1828
241 242
241 243
241 1449
244 1267
244 245
244 931
244 305
244 1942
244 246
244 432
244 1059
244 247
244 248
244 283
244 1501
244 284
244 1308
244 249
244 286
244 583
244 907
244 879
244 250
244 1839
244 690
244 1345
244 1754
244 740
244 293
244 251
244 1685
244 252
244 253
244 487
244 1027
244 1057
244 254
244 1860
244 255
244 969
244 1154
244 780
244 256
244 257
244 1303
244 1665
244 301
244 588
244 288
244 295
244 1600
244 1623
244 290
244 910
244 291
244 591
244 1995
244 296
244 1939
244 1036
244 260
244 1378
244 261
244 1318
244 294
244 857
244 1223
244 1989
244 1275
244 263
244 657
244 1148
244 1506
244 1562
244 802
244 596
244 1770
244 790
244 698
244 1030
244 265
244 626
244 1082
244 1504
244 266
244 297
244 1667
244 744
244 1276
244 1477
244 1234
244 1287
244 1849
244 1238
244 1147
244 1902
244 1661
244 1432
244 1886
244 1470
244 1899
244 1725
244 299
244 268
244 269
244 1975
244 270
244 302
244 865
244 1654
244 960
244 1707
244 1603
244 1079
244 271
244 1000
244 1373
244 1243
244 1137
244 273
244 746
244 1186
244 1171
244 675
244 1510
244 274
244 480
244 798
244 1964
244 275
244 357
244 395
244 954
244 1151
244 485
244 276
244 1543
244 277
244 1120
244 278
244 279
244 1291
244 1358
244 1445
244 786
244 993
244 727
244 793
244 1953
244 1032
244 1749
282 1225
282 839
282 1612
282 1673
282 405
282 283
282 1336
282 1545
282 284
282 1712
282 1399
282 825
282 285
282 286
282 1089
282 1180
282 714
282 638
282 1544
282 1009
282 681
282 1499
282 1107
282 1776
282 1256
282 287
282 989
282 1676
282 1927
282 1494
282 1113
282 1755
282 288
282 289
282 884
282 589
282 942
282 1618
282 290
282 1077
282 1533
282 1370
282 291
282 1106
282 956
282 1150
282 1474
282 292
282 293
282 294
282 849
282 1420
282 295
282 860
282 680
282 595
282 1463
282 1777
282 296
282 1015
282 297
282 622
282 298
282 1841
282 1788
282 1638
282 607
282 1695
282 1627
282 1876
282 648
282 1740
282 1602
282 1540
282 1607
282 1596
282 1400
282 1615
282 299
282 844
282 1930
282 1732
282 300
282 953
282 301
282 1567
282 302
282 1281
282 1191
282 760
282 1578
282 1066
282 1719
282 1224
282 303
282 1427
282 1192
282 858
282 458
282 1129
282 304
282 1801
282 305
282 306
282 1457
282 1239
282 1688
282 881
282 682
282 307
282 1652
282 785
282 810
282 1935
282 1883
282 1643
282 1508
282 686
282 1765
282 1813
282 1605
282 1642
282 996
282 608
282 1316
282 313
282 1016
282 1762
282 418
282 309
282 1520
282 1766
282 1565
282 697
282 1662
282 1784
282 1033
282 1001
282 632
282 1554
310 832
310 1603
310 1503
310 1911
310 1630
310 689
310 1821
310 1751
310 1193
310 1701
310 312
310 1114
310 1592
310 313
310 314
310 598
310 668
310 1988
310 315
310 1159
310 316
317 404
317 1648
318 324
318 1619
320 321
320 355
320 323
320 324
320 470
320 654
325 326
325 476
325 330
325 1375
325 346
325 1715
325 327
325 453
325 410
325 1664
1772 330
1772 331
1772 650
1772 1452
1772 843
1772 1094
1772 332
1772 1938
1772 1875
1772 1546
1772 1092
1772 333
1772 1697
1772 732
1772 704
1772 866
1772 1325
1772 966
1772 1422
1772 334
1772 741
1772 335
1772 1268
1772 762
1772 1290
1772 336
1772 1311
1772 566
337 97
337 812
337 338
339 353
339 344
339 345
340 341
340 891
340 492
340 343
340 1686
340 1809
340 433
340 1141
340 344
340 345
340 346
340 436
340 1195
340 488
340 348
340 1822
340 754
340 630
340 791
340 1804
340 787
340 1898
340 1356
340 441
340 1817
340 474
340 349
340 350
340 443
340 1201
340 1313
340 1555
340 445
340 491
340 1453
340 1698
340 1437
340 981
340 1315
340 1136
340 1357
340 1566
340 450
340 729
340 479
340 1505
340 1460
340 353
340 711
340 837
340 1974
340 948
340 859
340 1881
340 1947
340 776
340 354
340 490
340 1640
340 1863
340 840
340 788
340 1931
340 1116
340 1626
340 355
340 679
340 1572
340 1294
340 460
340 1002
340 703
340 356
340 357
340 1535
340 1115
340 358
340 1406
340 469
340 1143
340 959
340 628
359 1916
359 1716
724 1580
724 486
724 621
724 449
724 456
724 457
724 1904
724 1259
724 477
362 1264
362 1599
362 364
362 1843
362 1980
362 365
362 1952
362 1683
362 1397
362 820
362 1229
362 1203
362 1139
362 1121
362 366
362 1611
362 1844
362 368
362 684
362 369
362 846
362 870
362 370
362 1649
362 371
362 1101
362 372
362 1285
362 1391
362 737
362 984
362 1737
362 373
362 728
362 862
362 374
362 1936
362 736
362 1257
362 375
362 1261
362 1327
362 1808
362 940
362 376
362 723
362 831
362 1826
362 1219
362 917
362 1799
362 853
362 863
362 726
362 1480
362 1699
362 774
362 1589
362 1581
362 377
362 1919
362 1895
362 1430
362 1929
362 1443
362 1319
362 1221
362 1478
362 446
362 799
362 1500
362 378
362 379
362 748
362 838
362 380
362 381
362 1031
362 1010
362 382
362 1949
362 1022
362 1750
362 1990
362 383
362 407
362 1557
362 1907
362 1398
362 934
362 384
362 1170
362 452
362 898
362 408
362 751
362 386
362 1490
362 1361
362 387
362 922
362 1163
362 1968
362 1955
362 1456
362 1039
362 388
362 1007
362 1617
362 1871
362 1811
362 1441
362 823
362 412
362 1245
362 390
362 1805
362 1409
362 674
362 391
362 1720
362 392
362 1887
362 982
362 1679
362 1317
362 1482
362 1985
362 1062
362 1232
362 393
362 399
362 709
362 461
362 415
362 404
362 1462
362 1847
362 1551
362 1183
362 1971
362 400
362 395
362 1056
362 952
362 1202
362 1645
362 635
362 1722
362 1380
362 396
362 1065
362 1042
397 398
397 399
397 400
397 101
397 758
397 409
397 401
397 1334
397 1584
397 1587
397 1231
402 1744
403 645
403 404
403 833
403 809
403 405
403 1733
403 1583
403 655
403 1128
403 1085
403 1868
403 742
403 1590
403 702
403 1700
403 406
403 1194
403 1570
403 1862
403 1867
403 1174
403 708
403 407
403 1973
403 408
403 409
403 1795
403 410
403 955
403 1948
403 411
403 1790
403 1608
403 683
403 990
403 1917
403 1329
403 579
403 1266
403 412
403 796
403 707
403 1371
403 414
403 1242
403 415
403 1155
403 416
403 1421
403 1846
403 467
403 1299
403 418
403 1909
419 552
419 541
419 509
419 556
419 558
419 544
419 559
422 502
422 1892
422 874
422 1635
422 1586
422 1214
425 552
425 1372
425 556
425 544
425 558
425 559
431 1444
431 554
431 472
431 432
431 433
431 1471
431 1586
431 1173
431 1523
431 435
431 1343
431 1624
431 1677
431 436
431 519
431 437
431 1064
431 1187
431 489
431 1564
431 1416
431 1138
431 439
431 656
431 1348
431 1934
431 808
431 1997
431 1259
431 1304
431 1797
431 441
431 880
431 1306
431 474
431 899
431 775
431 1341
431 443
431 555
431 1767
431 667
431 1491
431 1076
431 1574
431 1146
431 544
431 445
431 1425
431 1803
431 1743
431 446
431 1473
431 991
431 1379
431 1466
431 1933
431 447
431 1021
431 1647
431 941
431 1538
431 1941
431 448
431 1169
431 449
431 1448
431 1655
431 1347
431 450
431 1408
431 451
431 452
431 1966
431 1401
431 453
431 1851
431 1960
431 1729
431 454
431 1711
431 1450
431 455
431 456
431 724
431 457
431 1993
431 1745
431 458
431 1405
431 669
431 459
431 1012
431 1727
431 460
431 1690
431 461
431 502
431 463
431 481
431 704
431 1214
431 1495
431 466
431 467
431 1199
431 1650
431 1731
431 661
431 664
431 556
431 781
431 1553
431 469
431 761
431 1882
431 1386
431 1696
431 470
471 1157
471 472
471 693
471 592
471 987
471 473
471 474
471 475
471 476
471 970
471 477
471 1666
471 1791
471 478
471 479
471 480
471 1768
471 481
471 907
471 483
471 1653
471 783
471 484
471 1789
471 485
471 486
471 487
471 488
471 586
471 766
471 489
471 490
471 1507
471 491
471 492
471 493
471 1447
471 755
471 1646
494 552
494 554
494 1372
494 419
494 509
494 1996
494 499
494 530
494 559
494 502
494 1415
494 558
494 551
494 556
494 544
494 676
494 1924
494 1047
494 1377
494 536
494 537
559 546
559 526
559 1415
559 529
559 1996
559 509
559 556
559 530
559 558
559 515
513 1110
513 526
513 515
513 1415
513 558
513 544
513 519
520 521
520 1586
520 544
524 553
524 526
524 552
524 1210
524 750
524 1996
524 529
524 530
524 559
524 1415
524 558
524 1011
524 1385
524 556
524 557
524 544
524 946
524 536
524 813
524 537
538 1669
538 1475
538 539
538 1339
538 1045
538 544
538 677
538 541
538 813
538 1819
543 544
1996 546
1996 750
1996 556
1996 558
1996 559
551 552
551 553
551 554
551 555
551 556
551 557
551 558
551 559
560 752
560 575
560 561
560 562
560 563
560 564
560 938
560 566
929 568
569 602
571 1364
571 1084
571 1527
571 602
574 610
574 687
574 575
574 798
574 614
574 578
574 1438
574 882
574 613
574 579
580 977
580 1196
580 581
580 1087
580 1156
580 1582
580 1821
580 1454
580 1488
580 583
580 886
580 584
580 1527
580 586
580 646
580 1976
580 587
580 588
580 589
580 1637
580 590
580 1330
580 591
580 1532
580 592
580 763
580 857
580 594
580 629
580 1228
580 715
580 595
580 1384
580 596
580 1269
580 1710
580 731
580 877
580 819
580 598
580 1511
580 599
580 614
580 1020
580 829
580 850
580 1204
580 1870
580 601
580 979
580 701
580 1251
580 821
580 1265
580 602
580 974
580 649
580 1286
580 603
580 670
580 847
580 897
580 1185
580 1742
580 1963
580 788
580 804
580 1000
580 1354
580 606
580 967
580 607
580 814
580 1663
580 1773
580 1226
580 1629
580 608
580 1543
580 611
580 1771
610 611
610 612
610 613
610 614
610 1674
615 620
617 618
617 619
617 620
