0 44196397
1 216939636
2 403616166
3 874776246592430080
4 767183
5 34743251
6 1002104261553995778
7 1664475157
8 37036026
9 1035073039879221248
10 1554714942
11 326439288
12 2389397887
13 3185367546
14 64276999
15 895904529765384196
16 371352104
17 27935294
18 2221351512
19 741027101122252801
20 736419939725103105
21 3279516319
22 1003604824636583936
23 55133828
24 977919622153490432
25 309414808
26 2472192949
27 1081572330
28 1022587531857199105
29 230745128
30 964680905481687043
31 1046729142492962817
32 1388610943
33 4905481628
34 14745023
35 222932421
36 4251614673
37 376725009
38 876022000912879616
39 990218923084795905
40 1046196845695913986
41 1043747428615245829
42 1036270386281959425
43 2178154140
44 932687611
45 946875718847422464
46 1044582080678518786
47 1027382800062799875
48 1047502146781044739
49 2322306839
50 986976360861261827
51 1041716584409063424
52 2510241619
53 941250558
54 255784266
55 244264669
56 352053266
57 926472478142140418
58 960008687996882944
59 85964568
60 35807425
61 2828944465
62 255784266
63 1234941
64 255784266
65 2452467475
66 255784266
67 95744442
68 255784266
69 63786611
70 82350646
71 579664702
72 38226678
73 3689838915
74 244264669
75 82350646
76 2990788484
77 788451307120160768
78 244264669
79 41748555
80 1013044659034173442
81 1039180011377438720
82 83372055
83 2172272360
84 352053266
85 2985986987
86 243803705
87 18175018
88 352053266
89 804032534271164420
90 352053266
91 2985986987
92 243803705
93 56363630
94 1045985071205941249
95 352053266
96 243803705
97 836979092624932865
98 352053266
99 85964568
100 243803705
101 994271837361061888
102 352053266
103 3388785495
104 352053266
105 15307032
106 773587749484068864
107 125387649
108 520672793
109 847689003876859907
110 246065059
111 17070252
112 14352556
113 1015377905252163585
114 1183782793
115 21866534
116 207507805
117 882754059740098560
118 94606087
119 27551279
120 1423718216
121 10329292
122 10428622
123 2828944465
124 15680097
125 14192958
126 757365218
127 802935580539633666
128 1423718216
129 2828944465
130 15210087
131 802935580539633666
132 941742906758410240
133 4105884598
134 1423718216
135 2828944465
136 60642052
137 299851269
138 3240325915
139 10428622
140 16669075
141 18639734
142 16031003
143 5763262
144 1031979322750525440
145 2452467475
146 18946208
147 3709499239
148 2452467475
149 95744442
150 427900496
151 2452467475
152 146293268
153 121684992
154 95744442
155 1400183510
156 3124242650
157 2452467475
158 580031141
159 255784266
160 858969595
161 2452467475
162 76678010
163 16645335
164 3709499239
165 255784266
166 95744442
167 798611916092342272
168 95744442
169 16245616
170 95744442
171 50753411
172 21104681
173 95744442
174 1741770596
175 356203202
176 95744442
177 2726421937
178 468526205
179 2248566488
180 466620680
181 1265270066
182 516254532
183 4117199714
184 95744442
185 160077265
186 45679047
187 4705115736
188 13334762
189 15307032
190 1949800854
191 80648956
192 3227338044
193 85964568
194 2679498736
195 430995737
196 70345946
197 278434570
198 204501827
199 879010646230048768
200 41748555
201 811410455319154688
202 511720107
203 2514924204
204 77960021
205 2650878920
206 278125709
207 869553937468145664
208 244264669
209 99049432
210 3121950808
211 69743336
212 2478089017
213 36164207
214 19679441
215 41748555
216 1293538381
217 16657699
218 163416607
219 759251
220 2918043769
221 2714777790
222 796458644653031424
223 497021784
224 114770953
225 3316759880
226 859701079373627392
227 1013408974803292164
228 334505800
229 551520612
230 497200393
231 1535149128
232 29101135
233 49483516
234 2904119824
235 15279622
236 41748555
237 100495443
238 337267165
239 6820932
240 41748555
241 34924826
242 6820932
243 41748555
244 51241574
245 1004335527997435905
246 3345786909
247 2970019887
248 162048049
249 1274599584
250 488175842
251 700386525641646080
252 813725182175092736
253 113410319
254 870260121351401472
255 316780861
256 2802975082
257 55988606
258 4759498754
259 552063477
260 70144539
261 30157391
262 147542018
263 480875170
264 306418365
265 1738703678
266 485778320
267 22064251
268 46542025
269 3594527964
270 867813849944268800
271 3430616477
272 406054373
273 4279416323
274 1025833068479827969
275 87791314
276 112469788
277 4669396789
278 148035397
279 334505800
280 2992545650
281 828429008123654144
282 15764644
283 25569355
284 4508930197
285 872831150
286 2855110831
287 911196463
288 4759498754
289 71977357
290 1874106846
291 778693214962274305
292 163416607
293 760098215702110208
294 859992452022882304
295 795736816192081920
296 3303025153
297 1963570075
298 69913544
299 1631358120
300 882041521243119616
301 764950182572142593
302 122148117
303 3829349713
304 850727236281958401
305 826506138300645377
306 2197106143
307 2359537176
308 1566650000
309 4859641724
310 18125335
311 886014538470043653
312 21686067
313 4544016208
314 309817695
315 348780432
316 2681720312
317 817083
318 62525859
319 2384302886
320 2886096049
321 173636031
322 948850248
323 16640727
324 2172272360
325 573918122
326 215026562
327 428152773
328 2981594310
329 15320887
330 982388589714706433
331 299851269
332 293871688
333 874159885944016897
334 26654985
335 74139459
336 239378890
337 1231705069
338 834494306597666820
339 282456521
340 20646711
341 1042419852542193664
342 1041586900694429696
343 829099029732716551
344 2543988871
345 106025116
346 6107302
347 3935994083
348 361236831
349 152695395
350 1045753159120015360
351 197411674
352 2191481728
353 628839585
354 2654584158
355 948850248
356 1672748778
357 65617648
358 359049037
359 3240295685
360 254235974
361 25081451
362 14130366
363 877763988389363715
364 189825054
365 818655030970617857
366 619768024
367 3167209607
368 80713984
369 997159650163412992
370 1002703896698073088
371 165720398
372 3270128023
373 2763170252
374 879291422247190528
375 2504624659
376 520628794
377 1704118916
378 1013608491976740864
379 1698689952
380 8373192
381 4346696666
382 773561146792116225
383 275508260
384 2613849235
385 2367667374
386 980470480258859008
387 870518390342811649
388 320036268
389 20104718
390 7679512
391 15150648
392 41008711
393 1033041471799087104
394 1031918268192378884
395 1032003141120811008
396 6496232
397 2499289070
398 945669078802452480
399 1011169788658372609
400 484626050
401 62850484
402 107114063
403 15828408
404 1031918268192378884
405 423921737
406 15342414
407 102693928
408 2367667374
409 4623072433
410 162723020
411 48438566
412 20104718
413 3363444303
414 58158713
415 774319760
416 10491622
417 1031979322750525440
418 834672494
419 703612772458696704
420 799949976801595392
421 3364296220
422 3114721961
423 833820320
424 1662209748
425 1017519843585810432
426 799949976801595392
427 24465226
428 3388785495
429 35001009
430 3364296220
431 3239192692
432 41093151
433 14116906
434 621064274
435 922744999
436 3935994083
437 443062562
438 3180810578
439 771284286989217796
440 2339277288
441 21518886
442 2426944079
443 991751029476773888
444 3388785495
445 197411674
446 2198279047
447 1327811534
448 437085205
449 389393463
450 995680361396015104
451 936593675563470849
452 779992519698440192
453 2981594310
454 880104858212343808
455 2730251546
456 4052215095
457 24237381
458 15250824
459 44875206
460 4901811831
461 959229304516366339
462 833820320
463 869433018
464 376880830
465 1662209748
466 51855088
467 1031979322750525440
468 24465226
469 61081477
470 967751659
471 14361155
472 2506786832
473 242832442
474 2426944079
475 3293974612
476 546277891
477 25081451
478 919638951601803265
479 933062019225391105
480 152086156
481 262321852
482 29018320
483 2326930662
484 958411854132469760
485 1005451132125241345
486 4870918930
487 396507413
488 2937975091
489 3180810578
490 107203934
491 2191481728
492 1041586900694429696
493 495415177
494 509744485
495 799949976801595392
496 1001183118936674309
497 1016726408599687169
498 929432715786702848
499 242496394
500 20412301
501 3364296220
502 833820320
503 35001009
504 24465226
505 3388785495
506 3364296220
507 3021287074
508 1017214210726596608
509 929432715786702848
510 24465226
511 20412301
512 35001009
513 283149945
514 750522812440260608
515 951815316
516 3021287074
517 35001009
518 3388785495
519 480577771
520 774907285
521 3513284175
522 621064274
523 3388785495
524 252408723
525 768811231260057600
526 750522812440260608
527 799949976801595392
528 1017214210726596608
529 732299473054011393
530 20412301
531 3364296220
532 3021287074
533 35001009
534 24465226
535 3388785495
536 155426025
537 547004543
538 431332487
539 378949145
540 3388785495
541 7335652
542 1275487466
543 1024552858820259843
544 3388785495
545 1017214210726596608
546 1033646328138612736
547 102786944
548 24465226
549 35001009
550 3364296220
551 64049714
552 799949976801595392
553 768811231260057600
554 1001183118936674309
555 511740616
556 24465226
557 2864402383
558 35001009
559 3364296220
560 1101438660
561 14576408
562 16552128
563 255784266
564 1225220966
565 3709499239
566 327419882
567 1400183510
568 2246170916
569 118908273
570 16645396
571 2335654825
572 25039118
573 16645396
574 735414151
575 773587749484068864
576 535977623
577 4775213994
578 2842775860
579 14595574
580 22737278
581 2833289221
582 819437976635772928
583 1979603137
584 785553167387729920
585 25039118
586 1173434690
587 1224753522
588 458547594
589 81281442
590 4491571639
591 552063477
592 24046130
593 981383219684790273
594 933339816
595 22307579
596 859888681930416128
597 828338323185885187
598 412779371
599 788112379083124736
600 4775213994
601 1423531074
602 16645396
603 14745023
604 851673775972143104
605 997090813728313344
606 87858886
607 1422241538
608 809484055
609 24725287
610 831985914737938432
611 3322601280
612 931248666802716672
613 802856550
614 4775213994
615 249533665
616 520672793
617 1008781665542389760
618 5469512
619 1636515062
620 520672793
621 249429159
622 758340676958326784
623 1045005920877432832
624 213908555
625 85964568
626 253834052
627 14114579
628 51496921
629 4772518574
630 814686620
631 944171358
632 55263193
633 3728505614
634 2815595355
635 836689604896047104
636 1401681270
637 2163559631
638 74772716
639 4105884598
640 366566150
641 835882430842155010
642 785083873684140032
643 149878643
644 50344427
645 896032778394849280
646 1227819355
647 293298541
648 402117655
649 715704555565088768
650 187474486
651 895096126919004160
652 2809104171
653 3325410560
654 227370359
655 746454650967171072
656 555313561
657 774974118
658 967546242
659 2227060352
660 4351094112
661 2464583455
662 322392929
663 2713346765
664 2891208496
665 1698970256
666 106424070
667 12402052
668 3178207614
669 824719742875402240
670 826076271335636992
671 423423495
672 754849715452256260
673 2463411537
674 236699178
675 113614409
676 3137366616
677 891633380
678 2551402386
679 90961484
680 874444877563645957
681 848579210398408704
682 1658660360
683 2801603917
684 30994689
685 818282528872153088
686 18671275
687 1430606342
688 846439433872310273
689 73955434
690 25932011
691 1022521829557059584
692 15300464
693 506438170
694 2887429095
695 848863640342188033
696 359451180
697 1374080948
698 4778617642
699 1016100571646955520
700 1015424028717256704
701 910697267421679617
702 2176979558
703 67075774
704 376880830
705 913781288196116480
706 4575577282
707 446527050
708 19332125
709 1001681071887601665
710 1042219824812707840
711 111869111
712 1561039928
713 338600130
714 261656806
715 575621850
716 1040538814576566277
717 2411166170
718 754739196452036608
719 1270934161
720 991298269
721 20665235
722 586579528
723 2874599997
724 254235974
725 979604305832419328
726 23550621
727 502368160
728 137642463
729 795211113495302144
730 593813785
731 828338323185885187
732 15921336
733 2985986987
734 114493315
735 283307543
736 26778110
737 35131825
738 3328605980
739 3370644195
740 763994063892652032
741 88220464
742 770615797
743 269592583
744 30147511
745 584162207
746 3378988563
747 1036465952211304449
748 1099045824
749 34988016
750 102786944
751 363164864
752 755514410102247424
753 29000446
754 895676975137697794
755 60653527
756 468569931
757 1596344912
758 293143930
759 932698301694136320
760 258604334
761 2799974335
762 701843
763 47258222
764 64249966
765 898731714423410688
766 1849534285
767 815019721070411777
768 36618399
769 14794797
770 62518076
771 14916340
772 299086465
773 12921542
774 17754799
775 51061368
776 39949649
777 78559674
778 1039931896032108545
779 22168349
780 2894471521
781 39081817
782 452055456
783 792679291691606016
784 1002420593294282752
785 3125143089
786 927342447213940736
787 1046001842260508672
788 851673775972143104
789 21997682
790 2795262751
791 320999893
792 1024486256166756358
793 26277810
794 2418456583
795 261444909
796 344184337
797 2258695230
798 535977623
799 1522326421
800 3347115521
801 636389288
802 210809573
803 383416407
804 548118150
805 245150389
806 794641796802445312
807 915570252238508033
808 281024971
809 2307997741
810 17141349
811 2654
812 571735298
813 1275487466
814 114341636
815 94039619
816 734339785
817 26159861
818 2897988570
819 1140878136
820 814404436143419392
821 311641320
822 2938995408
823 1023965786979876865
824 42086886
825 1834645674
826 157815038
827 103121235
828 1039481739394134017
829 1216748510
830 1019978038354866177
831 4813251136
832 934375635065196544
833 1013561358175043585
834 1564992427
835 1041976592870895616
836 217890438
837 802335962
838 373609414
839 780537959338487812
840 818142841398558721
841 592673493
842 137782915
843 3039238721
844 1961141418
845 1014206947770413058
846 1009178949337997313
847 86640083
848 1427859841
849 821235792559427584
850 224703460
851 1019381502604275712
852 2228353440
853 706806641958604800
854 234893974
855 505216748
856 1034855305392386048
857 981383219684790273
858 901224929714110464
859 514856212
860 972380783242596353
861 2795213426
862 121100769
863 877749026023755777
864 354031348
865 287943992
866 21646537
867 208853552
868 986352544367558656
869 876598970
870 1010504798762921984
871 1020119417374617600
872 141893933
873 3845547796
874 2434670011
875 279644350
876 188893895
877 58819354
878 2791424236
879 156475609
880 339866164
881 1857320455
882 2315446330
883 2443839098
884 795383073026101248
885 47937587
886 872435924
887 901882726491594752
888 985424328194969600
889 2676725982
890 845614602935156740
891 1043165887279202304
892 2825412361
893 7487032
894 885907027913883648
895 3274736065
896 2370415474
897 15424983
898 60867754
899 496570985
900 537637600
901 17138665
902 2022441
903 980244194164789249
904 80676008
905 1039612959037816833
906 3062896086
907 29018320
908 861129931975217152
909 883645333816979456
910 445184492
911 25561406
912 3405207580
913 581431322
914 1046766516044095488
915 35665024
916 13014222
917 20705023
918 2771984978
919 3233731100
920 265626908
921 454745349
922 2236607792
923 97625510
924 412954235
925 93029200
926 2602455725
927 70343362
928 3039223215
929 1400183510
930 266887404
931 822499242338095108
932 867947004072267776
933 924274927
934 1016139939002617857
935 156651749
936 18881781
937 2715689509
938 3709499239
939 738757649269825537
940 182766128
941 3314775007
942 571419051
943 90151483
944 53517918
945 1033876461772525568
946 2842214243
947 810740929
948 718123875364503552
949 48867753
950 1035604650412658688
951 263353202
952 283080534
953 14920926
954 959752865484103680
955 1270498549
956 953419696954425344
957 40967067
958 404061957
959 771521787125432320
960 407997782
961 780854838913437696
962 294202276
963 15564375
964 921398240
965 1198856575
966 742524918399705088
967 11067082
968 1111183062
969 2845305160
970 214492262
971 877596875125379073
972 2677289053
973 157903859
974 14245232
975 517990947
976 810440740253868032
977 759511663116709888
978 65759695
979 817488870686101504
980 954777865475776512
981 341347398
982 3433123409
983 764909499949912064
984 467907000
985 158308047
986 875826506
987 241643059
988 456136431
989 27029811
990 863942909162401792
991 154067873
992 774281234
993 1638750110
994 2155889497
995 720688158598414337
996 905487545160622080
997 40225161
998 965212902532833285
999 978344970925961216
1000 997090813728313344
1001 103720918
1002 1042646773498433536
1003 17365517
1004 1012903616129224705
1005 90976801
1006 162517788
1007 2915790254
1008 21374740
1009 423368954
1010 1474806780
1011 3040057010
1012 1043692883159597056
1013 871029026625699840
1014 771180947404304384
1015 919417319729885186
1016 823969841124175872
1017 822580605078687744
1018 105850666
1019 2311995841
1020 39005137
1021 424769541
1022 1512066060
1023 1017690007656488960
1024 1028276092581363713
1025 2691311364
1026 806073454323728384
1027 97464597
1028 1318461283
1029 811806647945310208
1030 1028758322
1031 105532384
1032 131233772
1033 51681238
1034 724866903626420224
1035 784528776461950976
1036 349807131
1037 926472478142140418
1038 124836827
1039 14890390
1040 39231482
1041 2344508918
1042 452706291
1043 22224852
1044 1024038803743363072
1045 255177928
1046 1122031261
1047 241813473
1048 759878575411658752
1049 818742198170595328
1050 3355229608
1051 754776688215650304
1052 20220098
1053 803748266
1054 1481495258
1055 801979103607930880
1056 1041720772497104897
1057 571701554
1058 3720934153
1059 1243506732
1060 34988827
1061 2535246648
1062 1002953605098426368
1063 1036709463258947584
1064 913949524795764736
1065 123170802
1066 994713337974816768
1067 790244079778930689
1068 1091202348
1069 17963341
1070 2592970253
1071 3301618904
1072 2719909575
1073 4498310473
1074 3457130480
1075 751461756120080386
1076 1407091435
1077 112603618
1078 458419077
1079 111900058
1080 87782449
1081 52543758
1082 2881723237
1083 1039347818077540354
1084 522372993
1085 3185883459
1086 375741158
1087 872482854
1088 4649019007
1089 551600304
1090 528020973
1091 24858472
1092 129790596
1093 55216310
1094 461180485
1095 896574822960025600
1096 25111140
1097 350955885
1098 431900712
1099 125238506
1100 2401122433
1101 156909927
1102 65702927
1103 72650036
1104 132009680
1105 2433784736
1106 823256017425154048
1107 958475468176613377
1108 479123028
1109 2203890609
1110 833567476021657601
1111 109926754
1112 1369341750
1113 1044902695361032192
1114 88991550
1115 1032932306669854720
1116 904051960256512001
1117 219868115
1118 884314034463547392
1119 15494372
1120 2917091137
1121 239802568
1122 405062939
1123 2934081619
1124 1945858178
1125 328785887
1126 67193769
1127 3207522927
1128 3146053924
1129 1532192156
1130 1389250182
1131 936539418
1132 337024045
1133 483613126
1134 40849646
1135 191317397
1136 49622107
1137 1608502766
1138 28465541
1139 963622197142151168
1140 1287227300
1141 761489770870607872
1142 907390073989095425
1143 619351949
1144 747820004582825985
1145 18237533
1146 1043884779119075330
1147 1702190096
1148 306418365
1149 708321518888026120
1150 988600658293964800
1151 952249097951633409
1152 2425920181
1153 3010638440
1154 2853699928
1155 459974345
1156 379273296
1157 49585675
1158 275295731
1159 765917765676990464
1160 4351538907
1161 202515126
1162 869553937468145664
1163 193271158
1164 978334609
1165 2265306696
1166 703578206167764992
1167 369890013
1168 1044582080678518786
1169 16544818
1170 539497630
1171 1428880945
1172 3481784478
1173 388769916
1174 905182082648997888
1175 868395168688480256
1176 16910946
1177 867193609623175168
1178 457560815
1179 564806631
1180 2615781596
1181 189695826
1182 1024665935225991168
1183 20459225
1184 17701953
1185 1466299884
1186 1193737766
1187 2897748295
1188 4313447303
1189 970060325461659653
1190 1109807628
1191 1739793691
1192 1012329853
1193 45761740
1194 1039557282009214977
1195 180021548
1196 1014315319849037824
1197 104391377
1198 734446370665443334
1199 989808549055356929
1200 19260680
1201 1860901626
1202 1150879586
1203 1018786159076499456
1204 822612482485288963
1205 422390689
1206 797462043729096704
1207 232326978
1208 429112208
1209 2325899132
1210 836568142398775296
1211 2542251571
1212 106649811
1213 623807869
1214 1662209748
1215 15448175
1216 380573266
1217 1444982732
1218 18604350
1219 4449229408
1220 1480396712
1221 1025795300311461888
1222 2743282198
1223 993631585663668226
1224 134679887
1225 1044408013552054274
1226 50767626
1227 3164401747
1228 22282936
1229 1014854360663252992
1230 1149482960
1231 1262268794
1232 936553787833110528
1233 378936792
1234 44159953
1235 419661964
1236 403426556
1237 2406950204
1238 758409591612997632
1239 2183812582
1240 805131997492416512
1241 803779315246563328
1242 972397065090158592
1243 406054373
1244 24965685
1245 1068213775
1246 844251234546696192
1247 81451848
1248 3708056800
1249 4447984455
1250 753311141368037376
1251 2955316375
1252 147607161
1253 1014167445861384192
1254 116308523
1255 1633092552
1256 34955563
1257 909754405624233984
1258 932055486047940616
1259 2339277288
1260 214740833
1261 4252127770
1262 23390253
1263 984655872
1264 68374542
1265 47635720
1266 1033413161452486658
1267 857734116397256705
1268 36630890
1269 828089659792121857
1270 73255346
1271 579664702
1272 536436280
1273 942769021203574785
1274 2898678765
1275 147542018
1276 54588351
1277 1952294228
1278 7576162
1279 276042643
1280 829844079366115328
1281 2767869207
1282 821286651318112256
1283 2755201581
1284 1008963078329806848
1285 293441943
1286 3306497440
1287 62321663
1288 1142312970
1289 385943273
1290 704391079
1291 3362592598
1292 1046137265217568769
1293 43957576
1294 1063007858
1295 966040104551657472
1296 94702916
1297 2198171468
1298 1031120824047206400
1299 982679475702951936
1300 239000080
1301 38159589
1302 21719017
1303 2360551810
1304 815440491500093441
1305 36422312
1306 394031689
1307 956727602819010560
1308 158159004
1309 71669835
1310 993481760
1311 20732877
1312 899421710356578304
1313 4060369696
1314 82716035
1315 740289618
1316 1406859042
1317 3588910714
1318 876138153429651456
1319 914199464604188672
1320 5017391
1321 1254309860
1322 933403753725689856
1323 2156035977
1324 175815933
1325 880897232
1326 1039563247957856256
1327 313981466
1328 865708793522290688
1329 171802021
1330 774672882
1331 2980006870
1332 254616535
1333 1612225645
1334 173591614
1335 32336519
1336 37122157
1337 810205206
1338 800637549114818561
1339 1625509704
1340 989758217235255297
1341 1578326652
1342 949504307811909635
1343 2851817656
1344 3161017323
1345 16650480
1346 50334921
1347 3212037215
1348 738613686596554752
1349 1025685503826247680
1350 223141884
1351 262713745
1352 266192895
1353 97151850
1354 91145888
1355 2262412517
1356 823527849520939009
1357 764821955404980224
1358 2992545650
1359 2856030754
1360 91483115
1361 604749081
1362 973390014
1363 574179400
1364 815078916020805633
1365 714682980044771328
1366 2863533513
1367 855294644
1368 2277370373
1369 983798309050433536
1370 188903918
1371 3363444303
1372 1016726408599687169
1373 2476178880
1374 467481329
1375 13579172
1376 184647227
1377 223953380
1378 800637505
1379 2778074041
1380 391753690
1381 2369554129
1382 351640493
1383 784035928151060480
1384 716813053
1385 731205566731845632
1386 3269941190
1387 310030831
1388 634686904
1389 3027841975
1390 251070479
1391 413407657
1392 821815758502170624
1393 790092277
1394 14239565
1395 906452671
1396 3183867779
1397 2542985386
1398 29756532
1399 48519328
1400 754694116659703808
1401 2326228160
1402 66680741
1403 319801657
1404 44749133
1405 218213826
1406 619804503
1407 993794123273555968
1408 2788289667
1409 406062630
1410 265140366
1411 74883793
1412 1032995868138459137
1413 3222417976
1414 501801749
1415 3021287074
1416 1012936493097103360
1417 39476925
1418 904651805723942912
1419 16052851
1420 3592477283
1421 3138033402
1422 3961356552
1423 1311256700
1424 395160574
1425 2545869669
1426 3795517521
1427 836422994
1428 965740054223101952
1429 3864371332
1430 93135636
1431 983422316
1432 22064251
1433 48370682
1434 1407808855
1435 923708526656045056
1436 179635952
1437 1696330675
1438 24623545
1439 402253156
1440 845189005725450240
1441 897826778579779584
1442 904692628456951808
1443 2597294936
1444 967926565547003904
1445 828429008123654144
1446 57018955
1447 375452599
1448 264963145
1449 623667853
1450 54654212
1451 842345292745838592
1452 22718008
1453 939393266667188224
1454 753647917664243712
1455 278307942
1456 246969739
1457 174923236
1458 2242653960
1459 595950237
1460 2339052680
1461 2715536371
1462 213104292
1463 787040524192604160
1464 18765883
1465 999246624915419136
1466 405449660
1467 332441933
1468 1201814792
1469 299813147
1470 154231945
1471 3360899135
1472 1037876603748077568
1473 296612765
1474 2655203862
1475 566353048
1476 964079268899770368
1477 28031945
1478 1028532107507691520
1479 307688534
1480 974626548274909190
1481 794586538327871488
1482 1962946172
1483 36294717
1484 317808953
1485 206978049
1486 445942435
1487 866895056363429888
1488 30292156
1489 38208716
1490 51750156
1491 520614628
1492 18627408
1493 1018708209236889600
1494 899961109360390144
1495 817141482
1496 260459937
1497 513484900
1498 36679399
1499 818494245342420993
1500 2459423641
1501 107395206
1502 246381121
1503 620283436
1504 724327951370579968
1505 31100040
1506 1254703837
1507 9673582
1508 3346675365
1509 1852317024
1510 888550967637037056
1511 235764597
1512 960855429512245248
1513 2361519301
1514 3013767057
1515 27593562
1516 906262845851017216
1517 790231356374601728
1518 318322550
1519 1010253339316162561
1520 822582100947824641
1521 466620680
1522 154362360
1523 46899351
1524 305301209
1525 74322527
1526 801079067638370304
1527 25039118
1528 1678993718
1529 419636317
1530 1033117235672305664
1531 1370073884
1532 586166788
1533 906045603964223488
1534 589265086
1535 101930742
1536 1724325319
1537 2340199685
1538 783611393253801984
1539 1624384808
1540 863851163753472000
1541 797246424287047680
1542 15527111
1543 24725287
1544 570423545
1545 781885666850246656
1546 90193503
1547 333149776
1548 985708474934771712
1549 395697465
1550 20209563
1551 72416967
1552 4869573035
1553 2596054886
1554 62790401
1555 227267369
1556 1732824049
1557 520279104
1558 2198842652
1559 316912096
1560 112048164
1561 2666761279
1562 3439166177
1563 837490841014808577
1564 302625137
1565 133793696
1566 885086458243158016
1567 1217283342
1568 883164902
1569 3249801972
1570 1321536391
1571 755606444007825408
1572 371195476
1573 341845081
1574 1023315046942662656
1575 859534910
1576 258788589
1577 35028566
1578 97699126
1579 1904557604
1580 31046541
1581 1653719773
1582 829155760286339072
1583 385534150
1584 2836417623
1585 14286412
1586 621064274
1587 22028890
1588 1362290336
1589 2841084602
1590 1879241304
1591 2469660602
1592 2224429894
1593 766619473419776000
1594 613489296
1595 348764923
1596 864540399108591616
1597 4453803257
1598 1459252370
1599 877763988389363715
1600 778225332780433409
1601 467806058
1602 2741457985
1603 886014538470043653
1604 758130962
1605 472073937
1606 46334096
1607 329763948
1608 908574009364643840
1609 19191691
1610 451815920
1611 3167209607
1612 955627607235743751
1613 24538362
1614 2967706486
1615 395898013
1616 14148490
1617 77211086
1618 3417868756
1619 2384302886
1620 1318902536
1621 753037478228070404
1622 525867758
1623 1517562306
1624 907682909733183488
1625 445466929
1626 144873017
1627 854792794984120321
1628 258362285
1629 1007435644711460866
1630 83858533
1631 3253959372
1632 758375008741785600
1633 1039554912621715457
1634 984174615311343616
1635 1541335238
1636 718218616739667969
1637 138830247
1638 450925559
1639 375387441
1640 953983686613053441
1641 1412002123
1642 1515235069
1643 124831382
1644 21625098
1645 938880700492771328
1646 1047220799780913152
1647 2334260190
1648 21604764
1649 560070973
1650 1034432565673910273
1651 1007377825
1652 65656355
1653 2681108731
1654 18128195
1655 1039000663
1656 77264486
1657 864864607587971073
1658 1029102954836570112
1659 1005936466407673858
1660 313269510
1661 1425218677
1662 74149816
1663 997249755678892033
1664 121700837
1665 2186529158
1666 1080161394
1667 2562030497
1668 1036945680659558401
1669 718196136385884160
1670 2953958148
1671 68169565
1672 3018765357
1673 3066738737
1674 19669021
1675 754448282202546176
1676 2193135944
1677 1003960531
1678 972616321
1679 122009171
1680 17625154
1681 1545826496
1682 3301852939
1683 2232696984
1684 48473299
1685 407048454
1686 911258797368324103
1687 1001707082423390208
1688 35393012
1689 292365294
1690 972842036469682177
1691 19551611
1692 1190940379
1693 268054188
1694 996608066538934272
1695 813956458077388800
1696 359026635
1697 208115380
1698 3729296296
1699 903286336005726208
1700 13226822
1701 717253172935335936
1702 4840766196
1703 977220659465072641
1704 16080147
1705 1003575077827432450
1706 3797919203
1707 784185981456920577
1708 2852057025
1709 1146154010
1710 47530761
1711 768185351764443136
1712 46772383
1713 881294066293592064
1714 861943936641900544
1715 19747132
1716 18609104
1717 988875082037637120
1718 991667331569827842
1719 743925747685851136
1720 1035228778300100608
1721 887437154854592512
1722 2394312666
1723 4279756348
1724 340874906
1725 16135336
1726 4160296694
1727 552181271
1728 2218460527
1729 625859806
1730 35766159
1731 1037064857735127041
1732 1607752920
1733 194203770
1734 390473158
1735 1289676242
1736 705366058757132288
1737 16286143
1738 1040921884769046528
1739 883578527240511489
1740 46969888
1741 118923528
1742 32562740
1743 374870913
1744 705197282
1745 877253989447938048
1746 31685443
1747 1509654841
1748 2360130746
1749 1259325432
1750 3303480335
1751 2391235273
1752 957473652974522368
1753 872311226210058241
1754 704277781828411392
1755 864131603177648128
1756 871782482168782848
1757 797831437374357505
1758 2858493649
1759 288051258
1760 155577209
1761 730696555016130560
1762 796784804083757056
1763 496259079
1764 44367018
1765 50788031
1766 702116733193220096
1767 161684181
1768 125218969
1769 223059736
1770 1491667722
1771 15507433
1772 15320887
1773 922153328909410305
1774 786650807273857028
1775 88357331
1776 15886633
1777 724986208019963905
1778 745685704030621697
1779 2176934060
1780 1008326817697103872
1781 1032647355961692162
1782 1047410178021384192
1783 1580776646
1784 1276651476
1785 2515871647
1786 272301055
1787 431252940
1788 950707673565188096
1789 1012156533923143680
1790 1007728170596892672
1791 723160906268430337
1792 194245496
1793 96561769
1794 936984462243586048
1795 1537101002
1796 1671931687
1797 46721548
1798 328895741
1799 2705046132
1800 45254825
1801 742500933951750144
1802 426675136
1803 1124948851
1804 793807055811334144
1805 1016235545150668806
1806 1945197181
1807 944723837014495232
1808 279237167
1809 796647446327808032
1810 598510257
1811 887965890892840960
1812 79452970
1813 2353974979
1814 1913046499
1815 1081903728
1816 3362784161
1817 202498633
1818 244952956
1819 2296272505
1820 3141887213
1821 819437976635772928
1822 475017570
1823 902300113908969472
1824 990525593371361280
1825 359013939
1826 947274622734651392
1827 609422553
1828 20279219
1829 928701037
1830 3069821059
1831 1046873183951892480
1832 990969170790625281
1833 99049432
1834 1619703403
1835 922094809
1836 543180814
1837 169849065
1838 268940970
1839 1848234210
1840 15852861
1841 3473570778
1842 3026364575
1843 784834316
1844 184973555
1845 217683133
1846 999870454260228096
1847 233125545
1848 3339347031
1849 771698169646383104
1850 772021558625701888
1851 1042826454
1852 2216798982
1853 2322306839
1854 736273066725015552
1855 99490257
1856 1041711514418208768
1857 939052626481516544
1858 989482072317267970
1859 1020408047439671296
1860 173939001
1861 1183874550
1862 2510732174
1863 1339858376
1864 1041728057101496320
1865 200595230
1866 43484182
1867 2362307521
1868 98898265
1869 1548941708
1870 17587250
1871 273538524
1872 7858302
1873 1641058849
1874 761001205598265344
1875 256924248
1876 2336674833
1877 3544426405
1878 20066141
1879 1011264348772155392
1880 99151438
1881 319939901
1882 234219459
1883 1566650000
1884 73846379
1885 1025560282746298368
1886 190733447
1887 57978442
1888 539863097
1889 71754882
1890 811828325454934016
1891 82750898
1892 77235640
1893 2911587222
1894 204919888
1895 1010210446274486273
1896 966087074544848898
1897 891870395405541376
1898 823212528
1899 982462291844239362
1900 278367826
1901 984455770459725826
1902 18476076
1903 135373323
1904 19057893
1905 919973700803448835
1906 41677479
1907 441747461
1908 474163549
1909 96108473
1910 569126567
1911 37540949
1912 373606930
1913 2359724442
1914 1006638284385157120
1915 3921478223
1916 1652757002
1917 858851818956259328
1918 2552151709
1919 1010165156855177217
1920 1042786596200820738
1921 2677879478
1922 1038930297000144896
1923 3013495128
1924 50101725
1925 2899451631
1926 53952283
1927 534636884
1928 513194335
1929 3711056714
1930 633234622
1931 902013562117210113
1932 286519515
1933 18609088
1934 553230977
1935 988865379824029696
1936 380226036
1937 923106897384816640
1938 154216536
1939 2232214039
1940 6752712
1941 749914261347008512
1942 159088664
1943 3570680534
1944 1031426978916839425
1945 330743883
1946 4397112539
1947 1040952642
1948 4258342175
1949 14400518
1950 306998831
1951 1933822314
1952 940284803936423939
1953 13893582
1954 3027462331
1955 916447561438900224
1956 3186786523
1957 1012891549632303104
1958 1037603402497196032
1959 2366839674
1960 612302042
1961 3266555330
1962 4366499375
1963 2966924913
1964 2166973829
1965 51109702
1966 1338574002
1967 142091460
1968 718850003125448704
1969 829378843
1970 307077632
1971 420900598
1972 1030088453868929024
1973 985067134664478720
1974 245695712
1975 888750286751358976
1976 219048300
1977 529703128
1978 15538804
1979 2183311896
1980 75964556
1981 1031420221
1982 838578380
1983 28605490
1984 864424743960752128
1985 2215551
1986 41765235
1987 254150207
1988 15656845
1989 946520718
1990 3224505372
1991 154619567
1992 173817794
1993 103726421
1994 79018674
1995 29409786
1996 1017214210726596608
1997 2962811356
1998 84295783
1999 1688317993