3568 1
3568 2375
3568 2864
3568 3462
3568 1506
3568 1134
3568 2380
3568 2020
3568 3372
3568 1849
3568 2868
3568 1324
3568 2518
3568 2610
3568 2457
3568 2774
3568 1545
3568 1711
3568 1728
3568 3699
3568 1573
3568 2422
3568 1152
3568 24
3568 1837
3568 2614
3568 1831
3568 2288
3568 2152
3568 2430
3568 2407
3568 1929
3568 1617
3568 2714
3568 2159
3568 1161
3568 1710
3568 38
3568 1991
3568 1481
3568 2588
3568 2524
3568 1665
3568 2294
3568 2492
3568 2690
3568 2700
3568 2775
3568 2704
3568 2569
3568 3354
3568 2782
3568 1622
3568 1921
3568 3030
3568 2638
3568 1228
3568 2677
3568 2299
3568 664
3568 2409
3568 1233
3568 63
3568 3568
3568 1565
3568 1532
3568 2818
3568 1623
3568 2582
3568 1237
3568 2129
3568 2696
3568 2534
3568 74
3568 2373
3568 972
3568 1716
3568 2659
3568 1909
3568 3218
3568 2701
3568 2795
3568 2867
3568 2082
3568 2674
3568 1345
3568 2862
3568 3138
3568 2705
3568 2708
3568 1632
3568 2718
3568 1713
3568 1844
3568 2855
3568 1421
3568 2595
3568 2443
3568 2205
3568 2798
3568 2578
3568 1593
3568 2872
3568 2382
3568 1744
3568 1949
3568 107
3568 1589
3568 2241
3568 110
3568 3019
3568 1438
3568 1132
3568 1282
3568 1563
3568 1814
3568 1817
3568 1159
3568 2615
3568 3748
3568 3592
3568 2472
3568 2755
3568 1050
3568 3031
3541 3670
3541 3627
3541 129
3541 3559
3541 3462
3541 3180
3541 133
3541 3300
3541 3085
3541 136
3541 137
3541 3668
3541 3077
3541 3546
3541 141
3541 142
3541 3705
3541 914
3541 2961
3541 3087
3541 147
3541 148
3541 149
3541 150
3541 151
3541 3535
3541 3403
3541 3107
3541 3253
3541 2834
3541 157
3541 3597
3541 269
3541 272
3541 161
3541 162
3541 163
3541 164
3541 3659
3541 166
3541 3032
3541 3358
3541 169
3541 170
3541 3351
3541 2673
3541 3009
3541 2910
3541 175
3541 3286
3541 177
3541 3538
3541 3397
3541 3172
3541 181
3541 182
3541 183
3541 2830
3541 185
3541 975
3541 2932
3541 189
3541 3625
3541 3293
3541 192
3541 193
3541 3138
3541 3226
3541 196
3541 2900
3541 3717
3541 199
3541 200
3541 2855
3541 3360
3541 1824
3541 204
3541 205
3541 206
3541 207
3541 3676
3541 2877
3541 210
3541 211
3541 212
3541 213
3541 214
3541 3166
3541 3694
3541 217
3541 218
3541 2846
3541 3452
3541 3361
664 223
664 224
664 225
664 226
664 227
664 228
664 229
664 230
664 231
664 232
664 233
664 234
664 235
664 236
664 1417
664 238
664 239
664 240
664 241
664 242
664 243
664 244
664 245
664 246
664 2843
664 248
664 249
664 250
664 251
664 252
664 253
664 254
664 255
664 256
664 257
664 258
664 259
664 260
664 928
664 262
664 263
664 264
664 265
664 266
664 267
664 268
664 269
664 270
664 271
664 272
664 273
664 274
664 275
664 276
664 277
664 278
664 279
664 280
664 281
664 282
664 283
664 284
664 285
664 286
664 287
664 2468
664 289
664 290
664 291
664 292
664 3286
664 294
664 295
664 296
664 297
664 298
664 299
664 300
664 301
664 302
664 3648
664 304
664 305
664 306
664 307
664 308
664 309
664 310
664 311
664 2516
664 313
664 314
664 315
664 316
664 317
664 318
664 319
664 320
664 321
664 322
664 323
664 324
664 325
664 326
664 327
664 328
664 329
664 330
664 331
664 332
664 333
664 2317
664 3676
664 336
664 337
664 338
664 339
664 2649
664 341
664 342
664 343
664 344
664 345
664 346
664 347
664 348
664 349
664 350
664 351
664 352
664 353
664 354
664 355
664 356
664 357
664 358
664 359
664 360
664 361
664 362
664 363
664 364
664 365
664 366
664 367
664 368
664 3619
664 370
664 371
664 372
664 373
664 374
664 375
664 376
664 377
664 2158
664 379
664 380
664 381
664 382
664 383
664 384
664 385
664 386
664 387
664 2134
664 389
664 390
664 391
664 392
664 393
664 394
664 395
664 396
664 397
664 398
664 399
664 2097
664 401
664 1449
664 403
664 404
664 405
664 406
664 407
664 408
664 409
664 410
664 411
664 412
664 413
664 414
664 415
664 416
664 417
664 418
664 419
664 420
664 421
664 422
664 423
664 424
664 425
664 426
664 427
664 428
664 2294
664 430
664 1931
664 432
664 2775
664 434
664 435
664 436
664 437
664 438
664 439
664 440
664 441
664 442
664 443
664 444
664 445
664 446
664 447
664 448
664 449
664 450
664 820
664 1569
664 453
664 454
664 455
664 456
664 457
664 458
664 459
664 460
664 461
664 1824
664 463
664 2443
664 465
664 466
664 467
664 468
664 469
664 470
664 471
664 472
664 473
664 474
664 475
664 476
664 477
664 478
664 3306
664 480
664 481
664 482
664 483
664 3389
664 485
664 486
664 487
664 488
664 489
664 490
664 2814
664 492
664 493
664 494
664 495
664 496
664 497
664 498
664 499
664 500
664 501
664 2143
664 503
664 504
664 505
664 506
664 507
664 508
664 509
664 510
664 511
664 512
664 513
664 514
664 515
664 516
664 517
664 518
664 519
664 520
664 521
664 2812
664 523
664 524
664 525
664 526
664 527
664 528
664 529
664 530
664 531
664 532
664 533
664 534
664 535
664 536
664 537
664 538
664 539
664 540
664 1622
664 542
664 543
664 544
664 545
664 546
664 2757
664 548
664 549
664 550
664 551
664 552
664 553
664 554
664 555
664 556
664 557
664 2465
664 559
664 560
664 2855
664 562
664 563
664 564
664 565
664 566
664 567
664 568
664 569
664 570
664 571
664 572
664 573
664 574
664 575
664 576
664 577
664 578
664 579
664 580
664 581
664 582
664 583
664 584
664 585
664 586
664 587
664 588
664 589
664 590
664 591
664 592
664 593
664 594
664 3592
664 596
664 597
664 598
664 599
664 600
664 601
664 602
664 2163
664 604
664 605
664 606
664 607
664 608
664 609
664 610
664 611
664 612
664 613
664 614
664 615
664 616
664 617
664 618
664 3697
664 620
664 621
664 622
664 623
664 624
664 625
664 626
664 627
664 628
664 629
664 630
664 631
664 632
664 633
664 2376
664 635
664 2598
664 637
664 638
664 639
664 640
664 3638
664 642
664 643
664 644
664 645
664 646
664 647
664 648
664 649
664 650
664 651
664 652
664 653
664 654
664 655
664 656
664 657
664 658
664 659
664 660
664 2673
664 662
664 2310
664 664
664 665
664 666
664 667
664 668
664 669
664 670
664 671
664 672
664 673
664 2534
664 675
664 676
664 677
664 678
664 679
664 680
664 681
664 682
664 683
664 684
664 685
664 686
664 687
664 688
664 689
664 690
664 691
664 692
664 2786
664 694
664 695
664 696
664 697
664 698
664 699
664 700
664 701
664 702
664 703
664 704
664 705
664 706
664 2813
664 708
664 709
664 2824
664 711
664 712
664 713
664 714
664 715
664 716
664 717
664 718
664 3649
664 720
664 721
664 722
664 723
664 724
664 725
664 726
664 727
664 728
664 729
664 730
664 731
664 732
664 3441
664 734
664 735
664 736
664 737
664 738
664 739
664 740
664 741
1711 743
1711 2377
1711 745
1711 1057
1711 1134
1711 2380
1711 1356
1711 750
1711 751
1711 752
1711 753
1711 754
1711 755
1711 1364
1711 757
1711 758
1711 759
1711 1376
1711 2774
1711 1711
1711 763
1711 764
1711 765
1711 766
1711 767
1711 2669
1711 769
1711 770
1711 771
1711 772
1711 773
1711 774
1711 1187
1711 776
1711 777
1711 778
1711 779
1711 2311
1711 3403
1711 782
1711 783
1711 1108
1711 785
1711 786
1711 1494
1711 788
1711 789
1711 790
1711 791
1711 792
1711 1368
1711 794
1711 795
1711 796
1711 797
1711 798
1711 799
1711 800
1711 801
1711 802
1711 803
1711 804
1711 2081
1711 806
1711 2569
1711 808
1711 809
1711 810
1711 1622
1711 812
1711 813
1711 3568
1711 815
1711 816
1711 817
1711 818
1711 1065
1711 820
1711 821
1711 822
1711 823
1711 824
1711 825
1711 1365
1711 827
1711 828
1711 829
1711 830
1711 1096
1711 832
1711 833
1711 834
1711 835
1711 836
1711 837
1711 838
1711 839
1711 2708
1711 841
1711 2443
1711 843
1711 844
1711 845
1711 846
1711 847
1711 848
1711 849
1711 2798
1711 851
1711 852
1711 1508
1711 854
1711 855
1711 856
1711 857
1711 858
1711 859
1711 2553
1711 861
1711 2697
1711 863
1711 864
1711 865
1711 866
1711 1369
1711 868
1711 1371
1711 870
1711 871
1711 872
1711 1764
1711 874
1711 875
1711 876
1711 877
1711 2710
1711 879
1711 880
1711 881
2782 883
2782 884
2782 885
2782 886
2782 887
2782 1793
2782 889
2782 890
2782 1412
2782 892
2782 893
2782 2831
2782 2610
2782 896
2782 897
2782 898
2782 899
2782 900
2782 901
2782 902
2782 903
2782 1837
2782 2614
2782 906
2782 907
2782 1820
2782 909
2782 910
2782 911
2782 913
2782 914
2782 915
2782 916
2782 917
2782 918
2782 919
2782 1161
2782 921
2782 922
2782 923
2782 924
2782 925
2782 926
2782 927
2782 928
2782 2315
2782 930
2782 931
2782 932
2782 933
2782 934
2782 935
2782 936
2782 937
2782 938
2782 939
2782 940
2782 941
2782 942
2782 943
2782 944
2782 945
2782 946
2782 947
2782 948
2782 949
2782 950
2782 951
2782 952
2782 953
2782 954
2782 955
2782 956
2782 957
2782 958
2782 959
2782 960
2782 3568
2782 962
2782 1588
2782 964
2782 965
2782 966
2782 967
2782 2696
2782 1170
2782 2534
2782 2433
2782 972
2782 973
2782 974
2782 975
2782 1755
2782 977
2782 978
2782 979
2782 1406
2782 981
2782 982
2782 983
2782 984
2782 985
2782 986
2782 987
2782 988
2782 989
2782 990
2782 991
2782 1561
2782 993
2782 2192
2782 2708
2782 996
2782 1415
2782 998
2782 999
2782 1000
2782 1844
2782 1002
2782 1003
2782 1004
2782 1005
2782 1006
2782 1007
2782 1008
2782 1009
2782 1169
2782 1011
2782 1012
2782 2436
2782 1014
2782 1015
2782 1177
2782 1017
2782 1162
2782 1019
2782 1020
2782 1021
2782 1022
2782 1023
2782 1024
2782 1025
2782 1026
2782 1027
2782 1028
2782 1029
2782 1817
2782 1031
2782 1032
2782 1033
2782 1034
2782 1035
2782 1036
2782 1037
2782 1775
2782 1183
2782 1040
2782 1157
2782 1042
2782 3592
2782 1044
2782 2439
2782 1046
2782 2371
2701 1049
2701 1050
2701 1051
2708 1053
2708 1054
2708 1055
2708 1056
2708 1057
2708 2578
2708 3568
2708 1508
2708 1061
2708 1062
2708 1063
2708 1064
2708 1065
2708 1066
2708 1067
2708 1068
2708 1069
2708 1070
2708 1071
2708 1072
2708 1073
2708 2626
2708 1075
2708 1369
2708 1077
2708 1711
2708 1079
2708 2775
2708 1764
2708 1082
2708 2704
2708 1385
2708 2705
2708 1086
2708 1087
2708 1088
2708 1663
2708 1090
2708 2443
2798 1228
2798 1094
2798 3354
2798 1096
2798 1237
2798 3372
2798 2701
2798 1100
2798 1711
2798 1233
2798 1481
2798 3568
2798 1105
2798 1106
2798 2382
2798 1108
1744 1921
1744 2705
1744 2782
1744 1744
1744 1114
1744 2211
1744 1734
1744 1915
1744 3568
1744 1119
1744 2872
1744 2226
1744 2441
1744 1483
1744 1475
3354 1126
3354 1127
1233 1129
1233 1130
1233 1131
1132 1133
1134 1135
1134 1136
1134 1137
1134 1138
1134 1139
1134 1140
1134 1141
1134 1142
1134 1143
3372 3747
3372 1146
3372 1147
3372 1148
3372 1149
3372 1150
3372 1151
1152 1153
1152 1154
2380 1156
2380 1157
2380 1158
2380 1159
2380 1160
1161 1162
1161 1163
1161 1164
1161 2782
1161 1166
1161 1167
1161 1837
1161 1169
1161 1170
1161 1579
1161 1172
1161 1817
1161 1174
1161 3568
1161 1755
1161 1177
1161 1588
1161 2614
2610 1747
2610 2211
2610 1183
2610 1184
2610 1185
2704 1187
2704 1188
2704 1189
2704 3568
2704 2382
2704 1192
2704 1193
2704 2383
2704 1195
2704 1196
2704 1197
2704 1198
2704 1199
2704 1376
2704 1201
2704 1202
2704 1203
2704 1204
2704 1205
2704 1206
2704 1207
2704 1208
2677 1210
2677 1211
2677 1212
2677 1213
2677 1214
2677 1215
2677 1216
2677 1217
2677 1218
2677 1219
2677 3418
2677 2592
2677 1222
2677 1223
2677 1224
2677 1225
2677 1226
2677 1227
1228 1229
1228 1230
1228 1711
1228 2798
1228 1233
1228 1356
1228 1235
1228 2861
1237 1238
1237 1239
1237 1240
1481 1242
1481 1243
1481 1244
1481 2407
1481 1246
1481 1481
1481 1248
1481 1249
1814 1251
1814 1265
1814 1253
1814 1254
1814 1255
1814 1256
1814 1257
1814 1258
1814 1259
1814 1260
1814 1261
1814 1262
3030 1814
3030 1265
3030 1266
3030 1844
3030 3568
3030 1269
3030 2794
2382 1272
2382 1273
2382 1375
2382 1373
2382 1276
2382 2867
2382 2711
2382 1279
1282 1281
1282 1282
1282 1283
1282 2345
1282 3572
1282 3616
1282 3567
1282 1288
1282 1289
1282 1290
1282 1291
1282 2614
1817 1294
1817 1295
1817 1296
1817 1297
1817 1298
1817 1580
1817 1579
1817 1301
1817 1755
1817 1588
1817 2614
1324 1306
1324 1307
1324 2962
1324 2963
1324 1310
1324 1311
1324 1312
1324 2598
1324 3286
1324 1315
1324 1316
1324 1317
1324 1318
1324 1319
1324 1320
1324 1321
1324 1322
1324 3638
1324 1324
1324 1325
1324 1326
1324 1327
1324 3305
1324 1329
1324 1330
1324 1331
1324 1546
1324 2988
1324 1334
1324 1335
1324 1336
1324 1337
1324 1338
1324 1339
1324 1340
1324 1341
1324 1342
1324 3388
1324 1344
1345 1346
1345 1347
1345 1348
1345 2377
1345 1350
1345 1351
1345 3189
1345 3286
1345 2798
1345 3568
1345 1356
1345 3408
1345 2382
1345 1359
1345 1360
1345 2868
1345 1362
1345 1363
1345 1364
1345 1365
1345 1366
1345 1367
1345 1368
1345 1369
1345 1370
1345 1371
1345 1372
1345 1373
1345 1374
1345 1375
1345 1376
1345 2701
1345 1711
1345 1379
1345 1380
1345 2703
1345 1382
1345 1383
1345 1384
1345 1385
1345 3747
1345 1387
1345 1388
1345 1389
1345 2708
1345 1391
1345 1392
1345 2709
1345 2710
1345 1395
1345 2711
1345 1397
1345 2712
2294 1400
2294 1401
1844 1403
1844 1404
1844 2152
1844 1406
1844 2782
1844 2390
1844 1409
1844 1410
1844 1411
1844 1412
1844 1413
1844 1414
1844 1415
1844 1416
1844 1417
1844 1418
1844 1419
1844 3568
1421 2872
1438 1424
1438 1425
1438 1426
1438 1427
1438 1678
1438 1429
1438 1430
1438 1431
1438 1432
1438 1433
1438 1434
1438 1435
1438 1436
1438 3419
1438 1438
1438 1439
1438 1440
1438 1441
1438 1442
1438 1443
1438 1444
1438 1445
1438 3438
1438 1447
1438 3585
1438 1449
1438 1450
1438 1451
1438 3526
1438 1453
1438 1454
1438 1455
1438 1456
1438 1457
1438 1458
1438 1459
1438 1460
1438 1461
1438 3593
1438 1463
1438 1464
1438 1465
2705 1467
2705 1468
2705 2705
2705 2430
2705 2868
2705 1744
2705 1473
2705 2383
2705 1475
2705 2867
2705 1477
2705 3568
2705 1479
2705 1480
2705 1481
2705 2382
2705 1483
2705 1484
2868 1486
2868 2830
2868 3638
2868 1489
2868 1490
2868 1491
2868 1711
2868 1493
2868 1494
2868 1495
2868 1496
2868 1497
2868 2859
2868 1499
2868 1500
1506 1502
1506 1503
1506 1504
1506 1505
1506 1506
1506 1507
1506 1508
1506 1509
1506 1510
1506 1511
1506 1512
1506 1513
1506 1514
1506 1515
1506 1516
1506 1517
1506 3681
1506 1519
1506 1520
1506 3078
1506 1522
1506 2152
1506 1524
1506 1525
1506 1526
1506 1527
1506 1528
1506 1529
1506 1530
1506 1531
1532 1533
1532 1534
1532 1535
1532 3384
1532 1537
1532 1538
1532 1539
1532 1540
1532 1541
1532 1542
1532 1543
1532 1544
1545 1546
1545 1547
1545 3354
1545 1645
1545 1550
1545 1551
1545 1552
1545 1553
1545 1750
1545 1579
1545 1556
1545 2435
1545 1558
1545 2436
1545 1560
1545 1561
1545 2614
1563 1564
1565 2782
1565 1567
1565 1568
1565 1569
1565 1570
1565 3568
1565 1572
1573 1574
1573 1575
2614 1577
2614 1578
2614 1579
2614 1580
2614 1581
2614 2661
2614 1817
2614 2437
2614 1585
2614 1586
2614 1755
2614 1588
1589 1590
1589 1591
1589 1592
1593 1594
1593 1595
1593 1596
1593 1597
1593 1598
1593 1599
1593 1600
1593 1601
1593 1602
1593 1603
1593 1604
1593 1605
1593 3661
1593 1607
1617 1609
1617 1610
1617 1611
1617 2677
1617 1613
1617 1614
1617 1615
1617 1616
1617 1617
1617 1618
1617 1619
1617 1620
1622 1622
1623 1624
1623 1625
1623 1626
1623 1627
1623 1628
1623 1629
1623 1630
1623 1631
1632 2473
1632 1634
1632 1635
1632 1636
1632 2798
1632 1638
1632 1639
1632 3568
1632 2813
1632 3372
1632 2382
1632 1644
1632 1645
1632 1646
1632 1647
1632 1684
1632 2701
1632 1711
1632 2775
1632 1652
1632 2704
1632 1654
1632 1655
1632 1656
1632 2782
1632 1658
1632 1659
1632 1660
1632 1661
1632 1662
1632 1663
1632 2859
1665 1666
1665 1667
1665 1668
1665 1669
1665 1670
1665 1671
1665 1672
1665 1673
1665 1674
1665 1675
1665 1904
1665 1677
1665 1678
1665 1679
1665 1680
1665 1681
1665 1682
1665 1683
1665 1684
1665 1685
1665 2262
1665 1687
1665 3582
1665 1689
1665 1690
1665 2774
1665 1692
1665 1693
1665 1694
1665 1695
1665 1696
1665 3441
1665 1698
1665 1699
1665 1700
1665 1701
1665 1702
1665 1703
1665 1704
1665 1705
1665 1706
1665 3593
1665 1708
1665 1709
1710 1711
1710 1712
1713 1714
1713 1715
1716 1717
1716 1718
1716 1719
1716 1720
1716 1872
1716 1722
1716 1791
1716 2872
1716 1725
1716 3106
1716 3268
1728 1729
1728 1730
1728 1731
1728 1732
1728 2211
1728 1734
1728 1735
1728 1736
1728 1737
1728 1738
1728 3568
1728 1918
1728 1741
1728 1742
1728 2872
1728 1744
1728 1745
1728 1746
1728 1747
1728 1748
1728 1749
1728 1750
1728 1809
1728 1916
1728 1753
1728 1754
1728 1755
1728 1813
1728 2226
1728 2006
1728 1759
1728 1814
1728 2774
1728 1762
1728 1763
1728 1764
1728 1765
1728 1766
1728 1767
1728 2081
1728 1769
1728 2782
1728 1771
1728 2708
1728 1773
1728 1774
1728 1775
1728 3748
1728 2681
1728 1778
1728 1926
2872 3321
2872 1782
2872 1783
2872 1784
2872 1785
2872 1786
2872 1787
2872 1788
2872 1789
2872 1872
2872 1791
2872 1915
2872 1793
2872 1794
2872 1795
2872 1813
2872 1797
2872 3268
2872 2614
3031 3635
1921 2211
1921 1918
1921 1805
1921 1928
1921 2433
1921 1808
1921 1809
1921 1916
1921 1923
1921 1812
1921 1813
1921 1814
1921 2431
1921 1913
1921 1817
1921 2233
1921 1819
1921 1820
1921 1821
1921 1915
1921 1823
1921 1824
1921 1926
3592 1827
3592 1828
3592 1829
3592 1830
1831 1832
1831 1833
1831 3568
1831 1835
1831 1836
1837 1838
1837 2782
1837 1840
1837 1841
1837 1842
1837 1843
1837 1844
1837 3568
1837 1925
1837 1847
1837 1848
1849 1850
1849 1851
1849 1852
1849 1853
1849 3462
1849 1855
1849 1856
1849 1857
1849 1858
1849 3568
1849 1860
1849 1861
1849 1862
1849 3635
1849 1864
1849 1865
1849 1866
1849 1867
1849 1868
1849 1869
1849 1870
1849 1871
1849 1872
1849 1873
1849 1874
1849 1875
1849 1876
1849 1877
1849 1878
1849 1879
1849 1880
1849 1881
1849 1882
1849 1883
1849 1884
1849 1885
1849 1886
1849 1887
1849 1888
1849 1889
1849 1890
1849 1891
1849 1892
1849 1893
1849 1894
1849 1895
1849 1896
1849 1897
1849 1898
1849 1899
1849 1900
1849 1901
1849 1902
3019 1904
3019 1905
3019 3011
3019 1907
3019 1908
1909 2782
1909 2431
1909 1912
1909 1913
1909 2531
1909 1915
1909 1916
1909 2872
1909 1918
1909 2240
1909 1920
1909 1921
1909 1922
1909 1923
1909 1924
1909 1925
1909 1926
1909 1927
1909 1928
1929 1930
1929 1931
1929 1932
1929 1933
1929 1934
1929 1935
1929 1936
1929 1937
1929 1938
1929 1939
1929 1940
1929 1941
1929 1942
1929 1943
1929 1944
1929 1945
1929 1946
1929 1947
1929 1948
1949 1950
1949 1951
1949 1952
1949 3554
1949 1954
1949 1955
1949 1956
1949 1957
1949 1958
1949 1959
1949 1960
1949 1961
1949 1962
1949 1963
1949 1964
1949 1965
1949 2227
1949 1967
1949 2345
1949 1969
1949 2351
1949 1971
1949 2081
1949 3664
1949 1974
1949 2279
1949 1976
1949 1977
1949 1978
1949 1979
3138 1981
3138 1982
3138 1983
3138 1984
3138 1985
3138 1986
3699 2900
1991 1990
1991 1991
1991 1992
1991 3568
1991 1994
1991 1995
1991 1996
1991 1997
1991 1998
1991 1999
1991 2000
1991 2001
1991 2002
1991 2003
1991 2004
1991 2005
1991 2006
1991 2007
1991 2008
1991 2009
1991 2010
1991 2516
1991 2012
1991 2013
1991 2014
1991 2015
1991 2016
1991 2017
2020 2019
2020 2020
2020 2021
2020 2022
2020 2023
2020 2024
2020 2025
2020 2026
2020 2027
2020 3548
2020 2029
2020 2030
2020 2031
2020 3306
2020 2232
2020 2034
2020 2035
2020 2036
2020 2037
2020 2038
2020 2039
2696 2041
2696 2873
2696 2043
2696 2044
2638 2046
2638 2047
2638 2048
2638 2049
2638 2050
2638 2051
2638 2052
2638 2053
2638 2054
2638 2055
2638 2056
2638 2057
2638 2058
2638 2059
2638 2060
2638 2061
2638 2062
2638 2063
2638 2064
2638 2065
2638 2066
2638 2067
2638 2068
2638 2069
2638 2070
2638 2071
2638 2072
2638 2073
2638 2074
3748 2076
3748 3664
3748 2078
3748 2079
3748 2080
3748 2081
2082 2083
2082 2084
2082 2085
2082 2086
2082 2087
2082 2088
2082 2089
2855 2091
2855 2092
2855 2093
2855 2094
2855 2095
2855 2096
2855 2097
2855 2098
2855 2099
3218 2101
3218 2102
3218 2103
3218 3568
3218 2105
3218 2106
3218 3124
3218 3206
3218 3418
3218 3305
3218 3019
3218 2112
3218 3210
3218 3421
3218 3211
3218 3213
3218 2117
3218 2118
3218 2119
3218 2120
3218 2121
3218 2122
3218 2123
3218 2124
3218 2125
3218 2126
3218 2127
3218 3195
2129 2130
2129 2131
2129 2132
2129 2133
2129 2134
2129 2135
2129 2136
2129 2137
2129 2138
2129 2139
2129 2140
2129 2141
2129 2142
2129 2143
2129 2144
2129 2145
2129 2146
2129 2147
2129 2148
2129 2149
2129 2150
2129 2151
2129 2152
2129 2153
2129 2468
2129 2155
2129 2156
2129 2157
2129 2158
2159 2160
2159 2161
2159 2308
2159 2163
2159 3192
2159 2165
2159 2166
2159 2167
2159 2168
2159 2169
2159 2170
2159 2171
2159 2172
2159 2173
2159 2174
2159 2175
2159 2176
2159 2177
2159 2178
2159 2179
2159 3693
2159 2181
2159 2182
2159 2183
2159 2184
2159 2185
2159 2186
2159 2187
2159 2188
2159 2189
2159 2190
2159 2191
2159 2192
2159 2193
2159 2194
2159 2195
2159 2196
2159 2197
2159 2198
2159 2199
2774 2201
2774 2774
2774 2203
2774 2204
2205 2206
2205 2207
2205 2208
2205 2209
2205 2210
2205 2211
2205 2212
2205 2213
2205 2214
2205 2215
2205 2216
2205 2217
2205 2218
2205 2219
2205 2220
2205 2221
2205 2222
2205 2223
2205 2224
2205 2610
2205 2226
2205 2227
2205 2228
2205 2229
2205 2230
2205 2231
2205 2232
2205 2233
2205 2389
2205 2235
2205 2236
2205 2237
2205 2238
2205 2239
2205 2240
2241 2677
2241 2243
2241 2244
2241 2245
2241 2246
2241 2247
2241 2248
2241 2249
2241 2250
2241 2251
2241 2252
2241 2253
2241 2254
2241 2255
2241 2256
2241 2257
2241 2258
2241 2259
2241 2260
2241 2261
2241 2262
2241 2263
2241 2264
2241 2265
2241 2266
2241 2267
2241 2268
2241 2269
2241 2270
2241 2271
2241 2272
2241 2273
2241 2274
2241 2275
2241 2276
2241 2277
2241 2278
2241 2279
2241 2280
2241 2281
2241 2282
2241 2283
2241 2284
2241 2285
2241 2286
2241 2471
2288 2289
2288 2290
2288 2291
2288 2292
2288 2293
2288 2294
2288 2295
2288 2296
2288 2297
2288 2298
2299 2300
2299 2301
2299 2302
2299 2303
2299 2304
2299 2305
2299 2306
2299 2307
2299 2308
2299 2309
2299 2310
2299 2311
2299 2312
2299 2313
2299 2314
2299 2315
2299 2316
2299 2317
2299 2318
2299 2319
2299 2320
2299 2321
2299 2322
2299 2323
2299 2324
2299 2325
2299 2326
2299 2327
2299 2328
2299 2329
2299 2330
2299 2331
2299 2332
2299 2333
2299 2334
2299 2335
2299 2336
2299 2337
2299 2338
2299 2339
2299 2340
2299 2341
2299 3263
2299 2343
2299 2344
2299 2345
2299 2346
2299 2347
2299 2348
2299 2349
2299 2350
2299 2351
2299 3290
2299 2353
2299 2354
2299 2873
2299 2356
2299 2357
2299 2633
2299 2359
2299 2360
2299 2361
2299 2362
2299 3685
2299 2364
2299 2365
2299 2366
2299 2367
2299 2368
2299 2369
2299 2370
2299 2371
2299 2372
2373 2374
2375 2376
2375 2377
2375 2378
2375 2798
2375 2380
2375 3568
2375 2382
2375 2383
2375 2384
2375 2385
2375 2386
2375 2387
2375 2775
2375 2389
2375 2390
2375 2391
2375 2782
2375 2393
2375 2708
2375 2395
2375 2396
2864 2398
2864 2399
2864 2863
2864 2866
2864 2402
2864 2403
2864 2404
2864 2405
2864 2862
2407 2408
2409 2410
2409 2411
2409 2412
2409 2413
2409 2414
2409 2415
2409 2416
2409 2834
2409 2418
2409 2419
2409 2420
2409 2421
2422 2423
2422 2424
2422 2425
2422 2426
2422 2427
2422 2428
2422 2429
2422 2430
2422 2431
2422 2705
2422 2433
2422 2434
2422 2435
2422 2436
2422 2437
2422 2438
2422 2439
2422 2610
2422 2441
2422 2442
2443 2444
2443 2445
2457 2447
2457 2448
2457 2449
2457 3676
2457 2451
2457 2452
2457 3208
2457 2834
2457 2455
2457 2456
2457 2457
2457 2458
2457 2459
2457 2460
2457 3714
2457 2633
2457 2463
2457 3143
2457 2465
2457 2466
2457 2467
2457 2468
2457 2469
2457 2470
2457 2471
2472 2473
2472 2474
2472 2475
2472 2476
2472 2477
2472 2478
2472 2479
2472 2673
2472 2481
2472 2482
2472 2483
2472 2484
2472 2485
2472 2486
2472 2487
2472 2488
2472 2489
2472 2490
2472 2491
2492 2493
2492 2494
2492 2495
2492 2496
2492 2497
2492 2498
2492 2499
2492 2500
2492 2501
2492 2502
2492 2503
2492 2504
2492 2505
2492 2506
2492 2507
2492 2508
2492 2509
2492 2510
2492 2511
2492 2512
2492 2513
2492 2514
2492 2515
2492 2516
2492 2517
2518 2519
2518 2520
2518 2521
2518 2522
2518 2523
2524 2525
2524 2705
2524 2527
2524 2696
2524 2529
2524 2530
2524 2531
2524 2532
2524 2533
2534 2535
2569 2537
2569 2538
2569 2539
2569 2540
2569 2541
2569 2542
2569 2543
2569 2544
2569 2545
2569 2546
2569 2547
2569 2548
2569 2549
2569 2550
2569 2551
2569 2552
2569 2553
2569 2554
2569 2555
2569 2556
2569 2557
2569 2558
2569 3610
2569 2560
2569 2561
2569 2562
2569 2563
2569 2564
2569 2565
2569 2566
2569 2633
2569 2568
2569 2569
2569 2570
2569 2571
2569 2572
2569 2573
2569 2574
2569 2575
2569 2576
2569 2577
2578 2579
2578 2580
2582 2582
2582 2583
2582 3143
2582 2585
2582 2586
2588 2588
2588 2589
2588 2590
2588 2591
2588 2592
2588 2593
2588 2594
2595 2596
2595 2597
2595 2598
2595 2599
2595 2600
2595 2601
2595 2602
2595 2603
2595 2604
2595 2605
2595 2606
2595 2607
2595 2608
2595 2609
2595 2610
2595 2611
2595 2612
2595 2873
2595 2614
2615 2616
2615 2617
2615 2618
2615 2619
2615 2620
2615 2621
2615 2622
2615 2623
2615 2624
2615 3709
2615 2626
2615 2627
2615 2628
2615 3423
2615 2630
2615 2631
2615 2632
2615 2633
2615 2634
2615 2635
2615 2636
2659 2638
2659 2639
2659 2640
2659 2798
2659 2642
2659 2643
2659 3568
2659 2645
2659 3470
2659 2647
2659 2648
2659 2649
2659 2650
2659 2651
2659 2652
2659 2653
2659 2654
2659 3019
2659 2734
2659 2657
2659 2658
2659 2659
2659 3699
2659 2661
2659 2662
2659 2663
2659 2664
2659 2665
2659 2666
2659 2667
2659 3354
2659 2669
2659 2670
2659 2671
2659 2672
2659 2673
2674 2675
2674 2676
2674 2677
2674 2678
2674 2679
2674 2680
2674 2681
2674 2682
2674 3593
2674 2684
2674 2685
2674 2686
2674 2687
2674 2688
2674 2689
2690 2691
2690 2692
2690 2798
2690 2694
2690 3568
2690 2696
2690 2697
2690 2698
2690 2699
2690 2700
2690 2701
2690 2702
2690 2703
2690 2704
2690 2705
2690 2706
2690 2707
2690 2708
2690 2709
2690 2710
2690 2711
2690 2712
2690 2713
2714 2715
2714 2716
2714 2717
2718 2719
2718 2720
2718 2721
2718 2722
2718 2723
2718 2724
2718 2725
2718 2726
2718 2727
2718 2728
2718 2729
2718 2730
2718 2731
2718 2732
2718 2733
2718 2734
2718 2735
2718 3597
2718 2737
2718 2738
2718 2739
2718 2740
2718 2741
2718 2742
2718 2743
2718 2744
2718 3703
2718 2746
2718 2747
2718 2748
2718 2749
2718 2750
2718 2751
2718 2752
2718 2753
2718 2754
2755 2756
2755 2757
2755 3568
2755 2759
2755 2760
2755 2761
2755 2762
2755 2763
2755 2764
2755 2765
2755 2766
2755 2767
2755 2768
2755 2769
2755 2770
2755 3693
2755 2772
2755 2773
2755 2774
2755 2775
2755 2776
2755 2777
2755 2778
2755 2779
2755 2780
2755 2781
2755 2782
2755 2783
2755 2784
2755 2785
2755 2786
2755 2787
2755 2788
2755 2789
2755 2790
2755 2791
2755 2792
2755 2793
2755 2794
2795 2796
2795 2797
2795 2798
2795 3568
2795 2800
2818 2802
2818 2803
2818 2804
2818 2805
2818 2806
2818 3718
2818 2864
2818 3286
2818 3462
2818 2811
2818 2812
2818 2813
2818 2814
2818 2815
2818 2816
2818 2817
2818 2818
2818 2819
2818 2820
2818 2821
2818 2822
2818 2823
2818 2824
2818 2825
2818 2826
2818 2827
2818 3638
2818 2829
2818 2830
2818 2831
2818 2832
2818 3288
2818 2834
2818 2835
2818 2836
2818 2837
2818 2838
2818 2839
2818 2840
2818 2841
2818 3290
2818 2843
2818 3268
2818 2845
2818 2846
2818 3747
2818 2848
2818 2849
2818 2850
2818 3275
2818 2852
2818 2853
2818 2854
2818 2855
2818 2856
2818 2857
2818 2858
2818 2859
2818 3450
2818 2861
2862 2863
2862 2864
2862 2865
2862 2866
2867 2868
2867 3372
2867 2870
2867 3568
2867 2872
2867 2873
2867 2874
3085 2900
2877 2878
2877 2879
2877 2880
2877 3607
2877 2882
2877 2883
2877 2885
2877 3210
2877 2887
2877 3421
2877 2889
2877 2890
2877 2891
2877 2892
2877 2893
2877 2894
2877 2895
2877 2896
2877 2897
2877 2898
2877 2899
2900 2901
2900 2902
2900 2903
2900 2904
2900 2905
2900 2906
2900 2907
2900 2908
2900 2909
2910 2911
2910 2912
2910 2913
2910 2914
2910 2915
2910 2916
2910 2917
2910 2918
2910 2919
2910 2920
2910 2921
2910 2922
2910 2923
2910 2924
2910 2925
2910 2926
2910 2927
2910 2928
2910 2929
2910 2930
2910 2931
2932 2933
2932 2934
2932 2935
2932 2936
2932 2937
2932 2938
2932 2939
2932 3541
2932 2941
2932 2942
2932 2943
2932 2944
2932 3697
2932 2946
2932 2947
2932 2948
2932 2949
2932 3553
2932 2951
2932 2952
2932 2953
2932 2954
2932 2955
2932 2956
2932 2957
2932 2958
2932 2959
2932 2960
2961 2962
2961 2963
2961 2964
2961 2965
2961 3723
2961 3286
2961 2968
2961 3541
2961 2970
2961 2971
2961 2972
2961 2973
2961 2974
2961 3338
2961 2976
2961 2977
2961 2978
2961 2979
2961 2980
2961 2981
2961 2982
2961 2983
2961 2984
2961 2985
2961 2986
2961 2987
2961 2988
2961 2989
2961 2990
2961 2991
2961 2992
2961 2993
2961 3164
2961 3744
2961 2996
2961 2997
2961 2998
2961 2999
2961 3000
2961 3001
2961 3002
2961 3003
2961 3004
2961 3005
2961 3533
2961 3007
3009 3009
3009 3010
3009 3011
3009 3189
3009 3013
3009 3541
3009 3568
3009 3016
3009 3017
3009 3018
3009 3019
3009 3577
3009 3021
3009 3582
3009 3023
3009 3024
3009 3025
3009 3616
3009 3027
3009 3353
3009 3029
3009 3030
3009 3031
3032 3033
3032 3034
3032 3627
3032 3036
3032 3152
3032 3038
3032 3039
3032 3040
3032 3041
3032 3201
3032 3043
3032 3044
3032 3045
3032 3046
3032 3047
3032 3048
3032 3421
3032 3050
3032 3051
3032 3052
3032 3053
3032 3054
3032 3055
3032 3056
3032 3057
3032 3616
3032 3059
3032 3060
3032 3061
3032 3062
3032 3063
3032 3064
3032 3065
3032 3066
3032 3067
3077 3069
3077 3070
3077 3071
3077 3072
3077 3073
3077 3074
3077 3075
3077 3076
3077 3077
3077 3078
3077 3079
3077 3080
3077 3081
3077 3082
3077 3083
3077 3084
3077 3085
3077 3086
3087 3088
3087 3089
3087 3090
3087 3091
3087 3092
3087 3627
3087 3094
3087 3095
3087 3096
3087 3097
3087 3098
3087 3099
3087 3100
3087 3101
3087 3471
3087 3103
3087 3104
3087 3105
3087 3106
3107 3108
3107 3109
3107 3627
3107 3111
3107 3112
3107 3113
3107 3114
3107 3538
3107 3116
3107 3726
3107 3541
3107 3119
3107 3120
3107 3545
3107 3122
3107 3123
3107 3124
3107 3125
3107 3126
3107 3210
3107 3128
3107 3129
3107 3130
3107 3342
3107 3132
3107 3133
3107 3134
3107 3135
3107 3136
3107 3137
3107 3138
3107 3355
3107 3140
3107 3141
3107 3142
3107 3143
3107 3144
3107 3360
3107 3146
3107 3147
3107 3148
3166 3150
3166 3151
3166 3152
3166 3153
3166 3154
3166 3155
3166 3156
3166 3157
3166 3158
3166 3159
3166 3160
3166 3161
3166 3162
3166 3163
3166 3164
3166 3165
3166 3166
3166 3167
3166 3168
3166 3169
3166 3170
3166 3707
3172 3173
3172 3174
3172 3175
3172 3293
3172 3177
3172 3541
3172 3179
3180 3181
3180 3182
3180 3183
3180 3184
3180 3627
3180 3536
3180 3187
3180 3188
3180 3189
3180 3190
3180 3538
3180 3192
3180 3403
3180 3194
3180 3195
3180 3196
3180 3197
3180 3731
3180 3339
3180 3200
3180 3201
3180 3202
3180 3203
3180 3204
3180 3205
3180 3206
3180 3207
3180 3208
3180 3305
3180 3210
3180 3211
3180 3212
3180 3213
3180 3214
3180 3215
3180 3216
3180 3217
3180 3218
3180 3219
3180 3220
3180 3438
3180 3222
3180 3585
3180 3224
3180 3225
3180 3226
3180 3550
3180 3228
3180 3229
3180 3230
3180 3231
3180 3279
3180 3533
3180 3234
3180 3235
3180 3236
3253 3238
3253 3239
3253 3240
3253 3602
3253 3242
3253 3243
3253 3244
3253 3245
3253 3246
3253 3247
3253 3248
3253 3556
3253 3376
3253 3251
3253 3252
3253 3253
3253 3254
3253 3255
3253 3256
3253 3257
3253 3321
3253 3259
3253 3260
3253 3261
3253 3504
3253 3263
3253 3264
3253 3265
3253 3266
3253 3267
3253 3268
3253 3269
3253 3270
3253 3271
3253 3272
3253 3273
3253 3274
3253 3275
3253 3276
3253 3277
3253 3278
3253 3279
3253 3280
3253 3281
3286 3283
3286 3284
3286 3747
3286 3286
3286 3287
3286 3288
3286 3568
3286 3290
3670 3292
3293 3294
3293 3295
3293 3296
3293 3297
3293 3298
3293 3299
3300 3301
3300 3302
3300 3303
3300 3304
3300 3305
3300 3306
3300 3307
3300 3308
3361 3310
3361 3311
3361 3312
3361 3538
3361 3314
3361 3315
3361 3316
3361 3317
3361 3318
3361 3319
3361 3320
3361 3321
3361 3437
3361 3323
3361 3349
3361 3357
3361 3326
3361 3327
3361 3592
3361 3329
3361 3330
3538 3332
3538 3333
3538 3334
3538 3554
3538 3336
3538 3337
3538 3338
3538 3339
3538 3340
3538 3341
3538 3342
3538 3343
3538 3344
3538 3345
3538 3346
3538 3347
3538 3348
3538 3349
3538 3350
3538 3351
3538 3352
3538 3353
3538 3354
3538 3355
3538 3748
3538 3357
3538 3358
3538 3359
3538 3360
3538 3361
3403 3363
3403 3718
3403 3365
3403 3366
3403 3402
3403 3368
3403 3369
3403 3397
3403 3406
3403 3372
3403 3373
3403 3374
3403 3375
3403 3376
3403 3377
3403 3378
3403 3379
3403 3380
3403 3381
3403 3433
3403 3383
3403 3384
3403 3526
3403 3386
3403 3387
3403 3388
3403 3389
3403 3390
3659 3392
3659 3393
3659 3394
3659 3395
3659 3396
3397 3398
3397 3399
3397 3400
3397 3401
3397 3402
3397 3403
3397 3404
3397 3405
3397 3406
3397 3407
3397 3408
3397 3409
3397 3410
3397 3411
3397 3412
3397 3413
3397 3414
3397 3415
3397 3416
3397 3417
3397 3418
3397 3419
3397 3420
3397 3421
3397 3422
3397 3423
3397 3424
3397 3425
3397 3426
3397 3427
3397 3428
3397 3429
3397 3430
3397 3431
3397 3432
3397 3433
3397 3434
3397 3435
3397 3613
3397 3437
3397 3438
3397 3585
3397 3440
3397 3441
3397 3442
3397 3443
3397 3444
3397 3445
3397 3446
3397 3447
3397 3448
3397 3449
3397 3450
3397 3451
3452 3453
3452 3454
3452 3455
3452 3456
3452 3457
3452 3627
3452 3459
3452 3460
3452 3461
3452 3462
3452 3463
3452 3464
3452 3465
3452 3603
3452 3467
3452 3568
3452 3469
3452 3470
3452 3471
3452 3472
3452 3473
3452 3545
3452 3475
3452 3476
3452 3477
3452 3478
3452 3479
3452 3480
3452 3481
3452 3482
3452 3483
3452 3484
3452 3641
3452 3486
3452 3487
3452 3488
3452 3489
3452 3490
3452 3491
3452 3492
3452 3579
3452 3494
3452 3495
3452 3496
3452 3649
3452 3498
3452 3499
3452 3500
3452 3501
3452 3502
3452 3503
3452 3504
3452 3505
3452 3506
3452 3507
3452 3508
3452 3509
3452 3510
3452 3511
3452 3512
3452 3513
3452 3514
3452 3515
3452 3516
3452 3517
3452 3518
3452 3519
3452 3520
3452 3521
3452 3522
3452 3523
3452 3524
3452 3525
3452 3526
3452 3527
3452 3528
3452 3529
3452 3530
3452 3531
3452 3532
3452 3533
3452 3534
3535 3536
3535 3537
3535 3538
3535 3539
3535 3540
3535 3541
3535 3568
3535 3543
3535 3544
3535 3545
3546 3547
3546 3548
3546 3549
3546 3550
3546 3551
3546 3552
3546 3553
3546 3554
3546 3555
3546 3556
3546 3557
3546 3558
3559 3560
3559 3561
3559 3562
3559 3563
3559 3564
3559 3565
3559 3566
3559 3567
3559 3568
3559 3569
3559 3570
3559 3571
3559 3572
3559 3573
3559 3574
3559 3575
3559 3576
3559 3577
3559 3578
3559 3579
3559 3580
3559 3581
3559 3582
3559 3583
3559 3584
3559 3585
3559 3586
3559 3587
3559 3588
3559 3589
3559 3590
3559 3591
3559 3592
3559 3593
3559 3594
3559 3595
3559 3596
3627 3600
3627 3627
3627 3602
3627 3603
3627 3604
3627 3605
3627 3606
3627 3607
3627 3608
3627 3609
3627 3610
3627 3611
3627 3612
3627 3613
3627 3614
3627 3615
3627 3616
3627 3617
3627 3618
3627 3619
3627 3620
3627 3621
3627 3622
3627 3623
3627 3624
3625 3626
3625 3627
3625 3628
3625 3629
3625 3630
3625 3631
3625 3632
3625 3633
3625 3634
3625 3635
3625 3636
3625 3637
3625 3638
3625 3639
3625 3640
3625 3641
3625 3642
3625 3643
3625 3644
3625 3645
3625 3646
3625 3647
3625 3648
3625 3649
3625 3650
3625 3651
3625 3652
3625 3653
3625 3654
3625 3655
3625 3656
3625 3657
3625 3658
3625 3659
3625 3660
3625 3661
3625 3662
3625 3663
3625 3664
3625 3665
3625 3666
3625 3667
3668 3669
3668 3670
3668 3671
3668 3672
3668 3673
3676 3675
3676 3676
3676 3677
3676 3678
3676 3679
3676 3680
3676 3681
3676 3682
3676 3683
3676 3684
3676 3685
3676 3686
3676 3687
3676 3688
3676 3689
3676 3690
3676 3691
3676 3692
3676 3693
3694 3695
3694 3696
3694 3697
3694 3698
3694 3699
3694 3700
3694 3701
3694 3702
3694 3703
3694 3704
3705 3706
3705 3707
3705 3708
3705 3709
3705 3710
3705 3711
3705 3712
3705 3713
3705 3714
3705 3715
3705 3716
3717 3718
3717 3719
3717 3720
3717 3721
3717 3722
3717 3723
3717 3724
3717 3725
3717 3726
3717 3727
3717 3728
3717 3729
3717 3730
3717 3731
3717 3732
3717 3733
3717 3734
3717 3735
3717 3736
3717 3737
3717 3738
3717 3739
3717 3740
3717 3741
3717 3742
3717 3743
3717 3744
3717 3745
3717 3746
3717 3747
3717 3748
3717 3749
3717 3750
